0.3684210526315789
0.631578947368421
0.7894736842105263
0.3684210526315789
0.3684210526315789
0.6578947368421053
0.631578947368421
0.3684210526315789
0.3684210526315789
0.4649122807017544
0.3684210526315789
0.3684210526315789
0.3684210526315789
0.3684210526315789
0.3684210526315789
0.631578947368421
0.4649122807017544
0.3684210526315789
0.3684210526315789
0.631578947368421
0.3684210526315789
0.3684210526315789
0.631578947368421
0.3684210526315789
0.7719298245614035
0.7719298245614035
0.631578947368421
0.7280701754385965
0.3684210526315789
0.3684210526315789
0.3684210526315789
0.3684210526315789
0.9210526315789473
0.4473684210526316
0.3684210526315789
0.3684210526315789
0.3684210526315789
0.3684210526315789
0.631578947368421
0.3684210526315789
0.631578947368421
0.3684210526315789
0.3684210526315789
0.3684210526315789
0.7192982456140351
0.3684210526315789
0.3684210526315789
0.631578947368421
0.631578947368421
0.43859649122807015
0.3684210526315789
0.3684210526315789
0.3684210526315789
0.631578947368421
0.3684210526315789
0.631578947368421
0.3684210526315789
0.631578947368421
0.6403508771929824
0.3684210526315789
0.3684210526315789
0.3684210526315789
0.631578947368421
0.3684210526315789
0.3684210526315789
0.3684210526315789
0.3684210526315789
0.631578947368421
0.631578947368421
0.631578947368421
0.3684210526315789
0.7456140350877193
0.7456140350877193
0.631578947368421
0.8508771929824561
0.3684210526315789
0.3684210526315789
0.631578947368421
0.3684210526315789
0.3684210526315789
0.4824561403508772
0.631578947368421
0.3684210526315789
0.3684210526315789
0.3684210526315789
0.3684210526315789
0.631578947368421
0.631578947368421
0.631578947368421
0.3684210526315789
0.3684210526315789
0.6403508771929824
0.3684210526315789
0.631578947368421
0.631578947368421
0.3684210526315789
0.3684210526315789
0.3684210526315789
0.42105263157894735
0.3684210526315789
0.3684210526315789
0.37719298245614036
0.3684210526315789
0.3684210526315789
0.3684210526315789
0.631578947368421
0.631578947368421
0.631578947368421
0.631578947368421
0.7982456140350878
0.3684210526315789
0.3684210526315789
0.631578947368421
0.9210526315789473
0.3684210526315789
0.3684210526315789
0.3684210526315789
0.3684210526315789
0.3684210526315789
0.3684210526315789
0.631578947368421
0.3684210526315789
0.3684210526315789
0.7543859649122807
0.37719298245614036
0.631578947368421
0.3684210526315789
0.7280701754385965
0.6491228070175439
0.631578947368421
0.631578947368421
0.6666666666666666
0.6491228070175439
0.631578947368421
0.3684210526315789
0.3684210526315789
0.5526315789473685
0.6491228070175439
0.3684210526315789
0.9035087719298246
0.37719298245614036
0.3684210526315789
0.631578947368421
0.3684210526315789
0.3684210526315789
0.3684210526315789
0.6491228070175439
0.631578947368421
0.3684210526315789
0.3684210526315789
0.37719298245614036
0.631578947368421
0.631578947368421
0.3684210526315789
0.631578947368421
0.3684210526315789
0.3684210526315789
0.3684210526315789
0.3684210526315789
0.3684210526315789
0.7719298245614035
0.631578947368421
0.3684210526315789
0.631578947368421
0.3684210526315789
0.3684210526315789
0.3684210526315789
0.3684210526315789
0.631578947368421
0.7192982456140351
0.3684210526315789
0.3684210526315789
0.43859649122807015
0.3684210526315789
0.3684210526315789
0.3684210526315789
0.3684210526315789
0.3684210526315789
0.3684210526315789
0.6140350877192983
0.3684210526315789
0.3684210526315789
0.3684210526315789
0.3684210526315789
0.3684210526315789
0.9210526315789473
0.3684210526315789
0.3684210526315789
0.3684210526315789
0.3684210526315789
0.631578947368421
0.3684210526315789
0.3684210526315789
0.631578947368421
0.3684210526315789
0.631578947368421
0.3684210526315789
0.631578947368421
0.3684210526315789
0.3684210526315789
0.3684210526315789
0.3684210526315789
0.3684210526315789
0.3684210526315789
0.3684210526315789
0.3684210526315789
0.3684210526315789
0.40350877192982454
0.6666666666666666
0.3684210526315789
0.40350877192982454
0.3684210526315789
0.3684210526315789
0.40350877192982454
0.3684210526315789
0.3684210526315789
0.3684210526315789
0.7982456140350878
0.7543859649122807
0.3684210526315789
0.3684210526315789
0.631578947368421
0.3684210526315789
0.6491228070175439
0.3684210526315789
0.631578947368421
0.631578947368421
0.631578947368421
0.3684210526315789
0.7105263157894737
0.631578947368421
0.3684210526315789
0.7982456140350878
0.631578947368421
0.631578947368421
0.6578947368421053
0.3684210526315789
0.6666666666666666
0.3684210526315789
0.631578947368421
0.6491228070175439
0.6403508771929824
0.6140350877192983
0.3684210526315789
0.6491228070175439
0.6578947368421053
0.631578947368421
0.3684210526315789
0.3684210526315789
0.631578947368421
0.6491228070175439
0.3684210526315789
0.3684210526315789
0.6666666666666666
0.631578947368421
0.3684210526315789
0.3684210526315789
0.6491228070175439
0.3684210526315789
0.3684210526315789
0.3684210526315789
0.631578947368421
0.3684210526315789
0.3684210526315789
0.3684210526315789
0.631578947368421
0.631578947368421
0.3684210526315789
0.3684210526315789
0.3684210526315789
0.3684210526315789
0.3684210526315789
0.3684210526315789
0.3684210526315789
0.631578947368421
0.631578947368421
0.3684210526315789
0.6228070175438597
0.631578947368421
0.631578947368421
0.3684210526315789
0.3684210526315789
0.3684210526315789
0.6491228070175439
0.3684210526315789
0.631578947368421
0.3684210526315789
0.3684210526315789
0.3684210526315789
0.3684210526315789
0.3684210526315789
0.631578947368421
0.3684210526315789
0.3684210526315789
0.3684210526315789
0.3684210526315789
0.3684210526315789
0.631578947368421
0.3684210526315789
0.6403508771929824
0.3684210526315789
0.631578947368421
0.3684210526315789
0.631578947368421
0.631578947368421
0.631578947368421
0.3684210526315789
0.3684210526315789
0.3684210526315789
0.3684210526315789
0.3684210526315789
0.6491228070175439
0.6491228070175439
0.3684210526315789
0.3684210526315789
0.631578947368421
0.3684210526315789
0.7631578947368421
0.3684210526315789
0.38596491228070173
0.9298245614035088
0.3684210526315789
0.3684210526315789
0.3684210526315789
0.8333333333333334
0.3684210526315789
0.3684210526315789
0.3684210526315789
0.6929824561403509
0.3684210526315789
0.6491228070175439
0.6842105263157895
0.6929824561403509
0.6403508771929824
0.45614035087719296
0.3684210526315789
0.3684210526315789
0.7017543859649122
0.631578947368421
0.3684210526315789
0.43859649122807015
0.631578947368421
0.631578947368421
0.3684210526315789
0.3684210526315789
0.9210526315789473
0.3684210526315789
0.3684210526315789
0.3684210526315789
0.3684210526315789
0.3684210526315789
0.3684210526315789
0.631578947368421
0.3684210526315789
0.631578947368421
0.8947368421052632
0.3684210526315789
0.3684210526315789
0.9210526315789473
0.631578947368421
0.631578947368421
0.3684210526315789
0.631578947368421
0.3684210526315789
0.3684210526315789
0.8859649122807017
0.3684210526315789
0.6403508771929824
0.3684210526315789
0.3684210526315789
0.631578947368421
0.8421052631578947
0.3684210526315789
0.3684210526315789
0.6491228070175439
0.3684210526315789
0.631578947368421
0.631578947368421
0.3684210526315789
0.6929824561403509
0.6491228070175439
0.3684210526315789
0.3684210526315789
0.7807017543859649
0.40350877192982454
0.8771929824561403
0.631578947368421
0.3684210526315789
0.3684210526315789
0.631578947368421
0.3684210526315789
0.631578947368421
0.6403508771929824
0.37719298245614036
0.3684210526315789
0.3684210526315789
0.3684210526315789
0.9385964912280702
0.631578947368421
0.6403508771929824
0.3684210526315789
0.7105263157894737
0.3684210526315789
0.6929824561403509
0.6578947368421053
0.3684210526315789
0.7280701754385965
0.3684210526315789
0.37719298245614036
0.7982456140350878
0.631578947368421
0.7368421052631579
0.631578947368421
0.631578947368421
0.631578947368421
0.3684210526315789
0.8245614035087719
0.3684210526315789
0.6491228070175439
0.41228070175438597
0.3684210526315789
0.7631578947368421
0.6403508771929824
0.3684210526315789
0.7192982456140351
0.3684210526315789
0.3684210526315789
0.38596491228070173
0.3684210526315789
0.3684210526315789
0.631578947368421
0.3684210526315789
0.631578947368421
0.3684210526315789
0.3684210526315789
0.3684210526315789
0.631578947368421
0.631578947368421
0.3684210526315789
0.631578947368421
0.631578947368421
0.38596491228070173
0.3684210526315789
0.6491228070175439
0.3684210526315789
0.6491228070175439
0.631578947368421
0.3684210526315789
0.3684210526315789
0.3684210526315789
0.3684210526315789
0.631578947368421
0.3684210526315789
0.6052631578947368
0.631578947368421
0.3684210526315789
0.631578947368421
0.3684210526315789
0.7105263157894737
0.631578947368421
0.6403508771929824
0.3684210526315789
0.631578947368421
0.37719298245614036
0.7105263157894737
0.8421052631578947
0.39473684210526316
0.3684210526315789
0.5789473684210527
0.3684210526315789
0.7543859649122807
0.3684210526315789
0.3684210526315789
0.3684210526315789
0.3684210526315789
0.631578947368421
0.3684210526315789
0.3684210526315789
0.3684210526315789
0.3684210526315789
0.543859649122807
0.6403508771929824
0.631578947368421
0.7543859649122807
0.3684210526315789
0.7543859649122807
0.3684210526315789
0.631578947368421
0.8070175438596491
0.631578947368421
0.8859649122807017
0.3684210526315789
0.631578947368421
0.3684210526315789
0.3684210526315789
0.7017543859649122
0.37719298245614036
0.3684210526315789
0.3684210526315789
0.3684210526315789
0.8508771929824561
0.7982456140350878
0.6403508771929824
0.631578947368421
0.6754385964912281
0.3684210526315789
0.3684210526315789
0.6929824561403509
0.7982456140350878
0.3684210526315789
0.6929824561403509
0.37719298245614036
0.3684210526315789
0.43859649122807015
0.40350877192982454
0.3684210526315789
0.6578947368421053
0.3684210526315789
0.3684210526315789
0.631578947368421
0.40350877192982454
0.3684210526315789
0.3684210526315789
0.3684210526315789
0.7017543859649122
0.7543859649122807
0.7017543859649122
0.631578947368421
0.6491228070175439
0.3684210526315789
0.6403508771929824
0.631578947368421
0.6403508771929824
0.37719298245614036
0.9035087719298246
0.38596491228070173
0.7280701754385965
0.7543859649122807
0.40350877192982454
0.39473684210526316
0.631578947368421
0.3684210526315789
0.3684210526315789
0.6491228070175439
0.40350877192982454
0.37719298245614036
0.7105263157894737
0.6491228070175439
0.3684210526315789
0.631578947368421
0.7719298245614035
0.3684210526315789
0.37719298245614036
0.5350877192982456
0.3684210526315789
0.43859649122807015
0.40350877192982454
0.39473684210526316
0.4473684210526316
0.6491228070175439
0.3684210526315789
0.3684210526315789
0.3684210526315789
0.3684210526315789
0.6754385964912281
0.49122807017543857
0.49122807017543857
0.39473684210526316
0.3684210526315789
0.8508771929824561
0.8771929824561403
0.6578947368421053
0.6491228070175439
0.3684210526315789
0.7017543859649122
0.3684210526315789
0.631578947368421
0.631578947368421
0.3684210526315789
0.3684210526315789
0.6578947368421053
0.6578947368421053
0.3684210526315789
0.9210526315789473
0.7105263157894737
0.3684210526315789
0.3684210526315789
0.631578947368421
0.3684210526315789
0.3684210526315789
0.3684210526315789
0.3684210526315789
0.40350877192982454
0.8771929824561403
0.6403508771929824
0.868421052631579
0.6403508771929824
0.8157894736842105
0.6491228070175439
0.3684210526315789
0.9035087719298246
0.7368421052631579
0.4824561403508772
0.8771929824561403
0.8771929824561403
0.7192982456140351
0.5877192982456141
0.9210526315789473
0.9122807017543859
0.9122807017543859
0.5350877192982456
0.4473684210526316
0.9122807017543859
0.6403508771929824
0.7456140350877193
0.8859649122807017
0.9210526315789473
0.7982456140350878
0.3684210526315789
0.7543859649122807
0.7192982456140351
0.40350877192982454
0.41228070175438597
0.9210526315789473
0.543859649122807
0.6491228070175439
0.7894736842105263
0.6491228070175439
0.6403508771929824
0.9035087719298246
0.6842105263157895
0.8421052631578947
0.7017543859649122
0.41228070175438597
0.7807017543859649
0.9122807017543859
0.9210526315789473
0.9210526315789473
0.6754385964912281
0.7543859649122807
0.8596491228070176
0.41228070175438597
0.6578947368421053
0.41228070175438597
0.7456140350877193
0.543859649122807
0.8771929824561403
0.7368421052631579
0.40350877192982454
0.5263157894736842
0.9210526315789473
0.6929824561403509
0.8859649122807017
0.9385964912280702
0.8771929824561403
0.8508771929824561
0.7982456140350878
0.7543859649122807
0.7456140350877193
0.7368421052631579
0.8421052631578947
0.4649122807017544
0.8596491228070176
0.6929824561403509
0.37719298245614036
0.6052631578947368
0.7894736842105263
0.6491228070175439
0.8771929824561403
0.7807017543859649
0.42105263157894735
0.8771929824561403
0.8245614035087719
0.42105263157894735
0.37719298245614036
0.9122807017543859
0.43859649122807015
0.6842105263157895
0.7543859649122807
0.6929824561403509
0.7368421052631579
0.7280701754385965
0.7105263157894737
0.45614035087719296
0.8157894736842105
0.8333333333333334
0.41228070175438597
0.6578947368421053
0.45614035087719296
0.7631578947368421
0.9210526315789473
0.3684210526315789
0.6842105263157895
0.5087719298245614
0.8859649122807017
0.7368421052631579
0.7456140350877193
0.8245614035087719
0.543859649122807
0.47368421052631576
