0.8596491228070176
0.3684210526315789
0.7105263157894737
0.3684210526315789
0.6403508771929824
0.3684210526315789
0.3684210526315789
0.631578947368421
0.3684210526315789
0.3684210526315789
0.9122807017543859
0.6491228070175439
0.631578947368421
0.3684210526315789
0.3684210526315789
0.631578947368421
0.3684210526315789
0.6754385964912281
0.6842105263157895
0.631578947368421
0.3684210526315789
0.4298245614035088
0.6403508771929824
0.7807017543859649
0.3684210526315789
0.8859649122807017
0.6403508771929824
0.6491228070175439
0.9122807017543859
0.7456140350877193
0.3684210526315789
0.6491228070175439
0.3684210526315789
0.7543859649122807
0.3684210526315789
0.9298245614035088
0.4473684210526316
0.37719298245614036
0.3684210526315789
0.7192982456140351
0.8508771929824561
0.40350877192982454
0.7894736842105263
0.40350877192982454
0.3684210526315789
0.41228070175438597
0.3684210526315789
0.7719298245614035
0.7543859649122807
0.868421052631579
0.7719298245614035
0.3684210526315789
0.631578947368421
0.7192982456140351
0.3684210526315789
0.3684210526315789
0.8070175438596491
0.7719298245614035
0.3684210526315789
0.6578947368421053
0.631578947368421
0.3684210526315789
0.4824561403508772
0.3684210526315789
0.631578947368421
0.9122807017543859
0.45614035087719296
0.8771929824561403
0.45614035087719296
0.3684210526315789
0.3684210526315789
0.3684210526315789
0.37719298245614036
0.3684210526315789
0.37719298245614036
0.3684210526315789
0.37719298245614036
0.37719298245614036
0.39473684210526316
0.3684210526315789
0.6403508771929824
0.6491228070175439
0.6491228070175439
0.7982456140350878
0.3684210526315789
0.9122807017543859
0.6666666666666666
0.3684210526315789
0.3684210526315789
0.3684210526315789
0.45614035087719296
0.3684210526315789
0.3684210526315789
0.8421052631578947
0.3684210526315789
0.3684210526315789
0.6754385964912281
0.3684210526315789
0.6578947368421053
0.3684210526315789
0.9210526315789473
0.631578947368421
0.6491228070175439
0.8859649122807017
0.7105263157894737
0.9122807017543859
0.7017543859649122
0.631578947368421
0.9035087719298246
0.8333333333333334
0.7280701754385965
0.3684210526315789
0.6403508771929824
0.6578947368421053
0.3684210526315789
0.7982456140350878
0.3684210526315789
0.6491228070175439
0.7017543859649122
0.3684210526315789
0.7719298245614035
0.8245614035087719
0.8421052631578947
0.39473684210526316
0.37719298245614036
0.3684210526315789
0.38596491228070173
0.8421052631578947
0.6929824561403509
0.47368421052631576
0.7192982456140351
0.9385964912280702
0.3684210526315789
0.8508771929824561
0.3684210526315789
0.6929824561403509
0.3684210526315789
0.3684210526315789
0.37719298245614036
0.3684210526315789
0.41228070175438597
0.7631578947368421
0.868421052631579
0.3684210526315789
0.7017543859649122
0.7017543859649122
0.9035087719298246
0.8070175438596491
0.6491228070175439
0.6403508771929824
0.7719298245614035
0.7543859649122807
0.6403508771929824
0.3684210526315789
0.7456140350877193
0.3684210526315789
0.5614035087719298
0.6491228070175439
0.6842105263157895
0.3684210526315789
0.8070175438596491
0.7105263157894737
0.7631578947368421
0.8157894736842105
0.543859649122807
0.7192982456140351
0.6929824561403509
0.3684210526315789
0.37719298245614036
0.9298245614035088
0.8508771929824561
0.42105263157894735
0.6491228070175439
0.43859649122807015
0.3684210526315789
0.4298245614035088
0.6929824561403509
0.41228070175438597
0.7543859649122807
0.9385964912280702
0.7982456140350878
0.40350877192982454
0.9210526315789473
0.3684210526315789
0.6403508771929824
0.9210526315789473
0.47368421052631576
0.3684210526315789
0.9122807017543859
0.4824561403508772
0.7368421052631579
0.6666666666666666
0.8947368421052632
0.8859649122807017
0.6491228070175439
0.8771929824561403
0.7456140350877193
0.6228070175438597
0.631578947368421
0.6403508771929824
0.3684210526315789
0.3684210526315789
0.3684210526315789
0.6754385964912281
0.7017543859649122
0.7543859649122807
0.3684210526315789
0.39473684210526316
0.9122807017543859
0.8859649122807017
0.3684210526315789
0.7543859649122807
0.4298245614035088
0.6578947368421053
0.6578947368421053
0.6578947368421053
0.868421052631579
0.42105263157894735
0.4473684210526316
0.6929824561403509
0.7543859649122807
0.8771929824561403
0.6578947368421053
0.37719298245614036
0.4298245614035088
0.8421052631578947
0.3684210526315789
0.3684210526315789
0.3684210526315789
0.868421052631579
0.6842105263157895
0.4298245614035088
0.7192982456140351
0.7982456140350878
0.3684210526315789
0.8771929824561403
0.6929824561403509
0.8157894736842105
0.9122807017543859
0.8421052631578947
0.6842105263157895
0.8070175438596491
0.6491228070175439
0.7017543859649122
0.3684210526315789
0.7543859649122807
0.8157894736842105
0.37719298245614036
0.7280701754385965
0.8421052631578947
0.6403508771929824
0.6491228070175439
0.6403508771929824
0.3684210526315789
0.3684210526315789
0.38596491228070173
0.7719298245614035
0.3684210526315789
0.37719298245614036
0.6403508771929824
0.9122807017543859
0.3684210526315789
0.6754385964912281
0.9122807017543859
0.7017543859649122
0.3684210526315789
0.8333333333333334
0.6929824561403509
0.3684210526315789
0.7631578947368421
0.37719298245614036
0.8333333333333334
0.7017543859649122
0.7719298245614035
0.8508771929824561
0.3684210526315789
0.6929824561403509
0.6842105263157895
0.631578947368421
0.3684210526315789
0.6491228070175439
0.7280701754385965
0.3684210526315789
0.7192982456140351
0.8070175438596491
0.7631578947368421
0.37719298245614036
0.37719298245614036
0.6929824561403509
0.3684210526315789
0.38596491228070173
0.3684210526315789
0.3684210526315789
0.3684210526315789
0.37719298245614036
0.8859649122807017
0.7017543859649122
0.5175438596491229
0.6491228070175439
0.7280701754385965
0.7631578947368421
0.8771929824561403
0.6140350877192983
0.8596491228070176
0.3684210526315789
0.7368421052631579
0.4298245614035088
0.3684210526315789
0.41228070175438597
0.9385964912280702
0.3684210526315789
0.8508771929824561
0.6929824561403509
0.543859649122807
0.9210526315789473
0.7017543859649122
0.9210526315789473
0.5087719298245614
0.41228070175438597
0.8070175438596491
0.6491228070175439
0.8157894736842105
0.6403508771929824
0.8859649122807017
0.5964912280701754
0.37719298245614036
0.3684210526315789
0.8333333333333334
0.8859649122807017
0.7894736842105263
0.7280701754385965
0.8157894736842105
0.8771929824561403
0.3684210526315789
0.7017543859649122
0.7456140350877193
0.8771929824561403
0.42105263157894735
0.7631578947368421
0.9122807017543859
0.6754385964912281
0.9298245614035088
0.5526315789473685
0.6929824561403509
0.41228070175438597
0.3684210526315789
0.8859649122807017
0.4473684210526316
0.9385964912280702
0.7894736842105263
0.7807017543859649
0.9385964912280702
0.40350877192982454
0.6052631578947368
0.9298245614035088
0.8859649122807017
0.42105263157894735
0.9385964912280702
0.38596491228070173
0.6842105263157895
0.8771929824561403
0.3684210526315789
0.7631578947368421
0.9210526315789473
0.9210526315789473
0.6403508771929824
0.7192982456140351
0.868421052631579
0.8508771929824561
0.6929824561403509
0.9210526315789473
0.7807017543859649
0.6929824561403509
0.6403508771929824
0.7017543859649122
0.8421052631578947
0.7192982456140351
0.8333333333333334
0.3684210526315789
0.47368421052631576
0.4824561403508772
0.4298245614035088
0.3684210526315789
0.40350877192982454
0.9385964912280702
0.5175438596491229
0.5526315789473685
0.5789473684210527
0.41228070175438597
0.6403508771929824
0.8771929824561403
0.49122807017543857
0.6491228070175439
0.6491228070175439
0.5263157894736842
0.6491228070175439
0.6491228070175439
0.3684210526315789
0.8771929824561403
0.7368421052631579
0.8070175438596491
0.7368421052631579
0.41228070175438597
0.7192982456140351
0.6754385964912281
0.8771929824561403
0.8508771929824561
0.7368421052631579
0.7192982456140351
0.42105263157894735
0.38596491228070173
0.7368421052631579
0.9210526315789473
0.7719298245614035
0.45614035087719296
0.3684210526315789
0.42105263157894735
0.9385964912280702
0.40350877192982454
0.9210526315789473
0.3684210526315789
0.7017543859649122
0.631578947368421
0.37719298245614036
0.9385964912280702
0.9298245614035088
0.42105263157894735
0.5964912280701754
0.8771929824561403
0.9385964912280702
0.7192982456140351
0.7894736842105263
0.9122807017543859
0.9385964912280702
0.6754385964912281
0.8771929824561403
0.6228070175438597
0.8157894736842105
0.3684210526315789
0.7982456140350878
0.5263157894736842
0.5087719298245614
0.9122807017543859
0.631578947368421
0.543859649122807
0.7894736842105263
0.9298245614035088
0.7807017543859649
0.7105263157894737
0.7982456140350878
0.9122807017543859
0.6754385964912281
0.38596491228070173
0.40350877192982454
0.7105263157894737
0.6403508771929824
0.9385964912280702
0.9122807017543859
0.6403508771929824
0.8771929824561403
0.4298245614035088
0.9385964912280702
0.7807017543859649
0.9210526315789473
0.9298245614035088
0.8157894736842105
0.4824561403508772
0.7719298245614035
0.7105263157894737
0.6140350877192983
0.8596491228070176
0.6403508771929824
0.7368421052631579
0.7543859649122807
0.9122807017543859
0.9122807017543859
0.5263157894736842
0.3684210526315789
0.9385964912280702
0.7192982456140351
0.7631578947368421
0.8157894736842105
0.5964912280701754
0.6842105263157895
0.6578947368421053
0.37719298245614036
0.37719298245614036
0.6754385964912281
0.6491228070175439
0.8157894736842105
0.37719298245614036
0.6403508771929824
0.4473684210526316
0.7807017543859649
0.4298245614035088
0.7368421052631579
0.45614035087719296
0.8771929824561403
0.5789473684210527
0.7543859649122807
0.9122807017543859
0.8508771929824561
0.9385964912280702
0.4649122807017544
0.43859649122807015
0.7192982456140351
0.5789473684210527
0.42105263157894735
0.8245614035087719
0.9210526315789473
0.9035087719298246
0.8947368421052632
0.8859649122807017
0.8070175438596491
0.8771929824561403
0.9298245614035088
0.8859649122807017
0.8070175438596491
0.7982456140350878
0.9122807017543859
0.9210526315789473
0.9298245614035088
0.8596491228070176
0.9035087719298246
0.9385964912280702
0.9210526315789473
0.7368421052631579
0.8245614035087719
0.7456140350877193
0.6578947368421053
0.8070175438596491
0.7368421052631579
0.4824561403508772
0.8771929824561403
0.8333333333333334
0.6666666666666666
0.8771929824561403
0.7719298245614035
0.7017543859649122
0.4298245614035088
0.9210526315789473
0.9298245614035088
0.6754385964912281
0.6754385964912281
0.5789473684210527
0.9122807017543859
0.7017543859649122
0.8947368421052632
0.7192982456140351
0.9298245614035088
0.45614035087719296
0.8771929824561403
0.7017543859649122
0.8771929824561403
0.9210526315789473
0.7017543859649122
0.7894736842105263
0.5
0.6754385964912281
0.8771929824561403
0.868421052631579
0.5614035087719298
0.8771929824561403
0.4824561403508772
0.8333333333333334
0.7894736842105263
0.7894736842105263
0.6929824561403509
0.8421052631578947
0.9035087719298246
0.8333333333333334
0.8771929824561403
0.7543859649122807
0.7192982456140351
0.7719298245614035
0.5964912280701754
0.8421052631578947
0.7543859649122807
0.8596491228070176
0.8333333333333334
0.8245614035087719
0.9122807017543859
0.8070175438596491
0.9210526315789473
0.7280701754385965
0.9122807017543859
0.5087719298245614
0.9210526315789473
0.5701754385964912
0.9210526315789473
0.38596491228070173
0.7543859649122807
0.49122807017543857
0.6754385964912281
0.9210526315789473
0.8859649122807017
0.6666666666666666
0.7017543859649122
0.8771929824561403
0.8508771929824561
0.8245614035087719
0.7982456140350878
0.7982456140350878
0.7982456140350878
0.8245614035087719
0.8245614035087719
0.7982456140350878
0.8245614035087719
0.8245614035087719
0.7894736842105263
0.7982456140350878
0.8245614035087719
0.8245614035087719
0.7982456140350878
0.8245614035087719
0.7807017543859649
0.8245614035087719
0.7894736842105263
0.8245614035087719
0.8245614035087719
0.7982456140350878
0.7807017543859649
0.8245614035087719
0.8245614035087719
0.7894736842105263
0.8245614035087719
0.8245614035087719
0.8245614035087719
0.7894736842105263
0.8245614035087719
0.8245614035087719
0.7807017543859649
0.8245614035087719
0.7894736842105263
0.8245614035087719
0.7982456140350878
0.7982456140350878
0.7894736842105263
0.8245614035087719
0.7894736842105263
0.8245614035087719
0.8245614035087719
0.8245614035087719
0.8245614035087719
0.7982456140350878
0.7982456140350878
0.8333333333333334
0.8245614035087719
0.7894736842105263
0.8245614035087719
0.8245614035087719
0.8245614035087719
0.7982456140350878
0.7894736842105263
0.7982456140350878
0.7982456140350878
0.8245614035087719
0.7807017543859649
0.7894736842105263
0.7982456140350878
0.7982456140350878
0.8333333333333334
0.8333333333333334
0.8245614035087719
0.7894736842105263
0.7807017543859649
0.7982456140350878
0.7807017543859649
0.7807017543859649
0.8245614035087719
0.7894736842105263
0.7807017543859649
0.8245614035087719
0.7807017543859649
0.7807017543859649
0.8245614035087719
0.7982456140350878
0.7982456140350878
0.7894736842105263
0.8245614035087719
0.8245614035087719
0.8245614035087719
0.8245614035087719
0.7807017543859649
0.7894736842105263
0.8245614035087719
0.7807017543859649
0.7982456140350878
0.7894736842105263
0.8245614035087719
0.7982456140350878
0.7982456140350878
0.8245614035087719
0.7982456140350878
0.8245614035087719
0.8333333333333334
0.7982456140350878
0.7982456140350878
0.7982456140350878
0.8245614035087719
