0.15789473684210525
0.7192982456140351
0.8947368421052632
0.2894736842105263
0.8421052631578947
0.8859649122807017
0.15789473684210525
0.6754385964912281
0.6491228070175439
0.9035087719298246
0.8596491228070176
0.9035087719298246
0.21052631578947367
0.9210526315789473
0.08771929824561403
0.9649122807017544
0.7894736842105263
0.11403508771929824
0.6842105263157895
0.7456140350877193
0.9122807017543859
0.09649122807017543
0.38596491228070173
0.9385964912280702
0.7894736842105263
0.2543859649122807
0.2807017543859649
0.8859649122807017
0.2543859649122807
0.8508771929824561
0.8157894736842105
0.7807017543859649
0.8859649122807017
0.22807017543859648
0.7280701754385965
0.13157894736842105
0.23684210526315788
0.11403508771929824
0.8859649122807017
0.7982456140350878
0.8596491228070176
0.6578947368421053
0.09649122807017543
0.32456140350877194
0.9122807017543859
0.14912280701754385
0.8771929824561403
0.8947368421052632
0.6491228070175439
0.9035087719298246
0.18421052631578946
0.7368421052631579
0.2631578947368421
0.9298245614035088
0.8508771929824561
0.8947368421052632
0.8596491228070176
0.8596491228070176
0.9210526315789473
0.9385964912280702
0.8947368421052632
0.20175438596491227
0.17543859649122806
0.9385964912280702
0.7982456140350878
0.49122807017543857
0.42105263157894735
0.9298245614035088
0.4649122807017544
0.6578947368421053
0.9035087719298246
0.21929824561403508
0.8421052631578947
0.45614035087719296
0.16666666666666666
0.16666666666666666
0.38596491228070173
0.24561403508771928
0.3333333333333333
0.2982456140350877
0.8508771929824561
0.7105263157894737
0.07017543859649122
0.6491228070175439
0.12280701754385964
0.22807017543859648
0.6052631578947368
0.49122807017543857
0.956140350877193
0.9385964912280702
0.32456140350877194
0.7368421052631579
0.9122807017543859
0.868421052631579
0.37719298245614036
0.8947368421052632
0.7982456140350878
0.45614035087719296
0.5964912280701754
0.7631578947368421
0.02631578947368421
0.18421052631578946
0.7982456140350878
0.9035087719298246
0.08771929824561403
0.8947368421052632
0.6140350877192983
0.8421052631578947
0.03508771929824561
0.8947368421052632
0.2631578947368421
0.8508771929824561
0.7456140350877193
0.15789473684210525
0.8508771929824561
0.2631578947368421
0.8596491228070176
0.3508771929824561
0.15789473684210525
0.9122807017543859
0.23684210526315788
0.21929824561403508
0.12280701754385964
0.8947368421052632
0.6842105263157895
0.8157894736842105
0.2807017543859649
0.5350877192982456
0.7894736842105263
0.23684210526315788
0.15789473684210525
0.7543859649122807
0.9298245614035088
0.631578947368421
0.5
0.19298245614035087
0.18421052631578946
0.4649122807017544
0.8859649122807017
0.21052631578947367
0.08771929824561403
0.8947368421052632
0.5
0.38596491228070173
0.8596491228070176
0.16666666666666666
0.5877192982456141
0.7280701754385965
0.868421052631579
0.21929824561403508
0.42105263157894735
0.24561403508771928
0.9473684210526315
0.7368421052631579
0.8508771929824561
0.6578947368421053
0.17543859649122806
0.9035087719298246
0.6929824561403509
0.07894736842105263
0.9035087719298246
0.10526315789473684
0.6140350877192983
0.2807017543859649
0.40350877192982454
0.5
0.9473684210526315
0.9473684210526315
0.5789473684210527
0.5087719298245614
0.6929824561403509
0.21929824561403508
0.2631578947368421
0.6228070175438597
0.14035087719298245
0.8771929824561403
0.5964912280701754
0.8947368421052632
0.8508771929824561
0.8947368421052632
0.6140350877192983
0.7456140350877193
0.09649122807017543
0.7982456140350878
0.21052631578947367
0.24561403508771928
0.9473684210526315
0.3333333333333333
0.8070175438596491
0.7982456140350878
0.9122807017543859
0.8596491228070176
0.38596491228070173
0.21052631578947367
0.6052631578947368
0.9473684210526315
0.8596491228070176
0.8508771929824561
0.37719298245614036
0.4298245614035088
0.7456140350877193
0.22807017543859648
0.13157894736842105
0.7280701754385965
0.32456140350877194
0.09649122807017543
0.8333333333333334
0.2631578947368421
0.14035087719298245
0.4824561403508772
0.7017543859649122
0.23684210526315788
0.22807017543859648
0.4298245614035088
0.14912280701754385
0.17543859649122806
0.6403508771929824
0.7631578947368421
0.8508771929824561
0.24561403508771928
0.9298245614035088
0.6754385964912281
0.9035087719298246
0.6929824561403509
0.35964912280701755
0.7017543859649122
0.6929824561403509
0.5263157894736842
0.5701754385964912
0.9122807017543859
0.9035087719298246
0.4649122807017544
0.7894736842105263
0.41228070175438597
0.7280701754385965
0.08771929824561403
0.5877192982456141
0.043859649122807015
0.8157894736842105
0.06140350877192982
0.30701754385964913
0.7456140350877193
0.7280701754385965
0.6842105263157895
0.4298245614035088
0.18421052631578946
0.7631578947368421
0.9122807017543859
0.6491228070175439
0.09649122807017543
0.9122807017543859
0.8421052631578947
0.9298245614035088
0.6491228070175439
0.868421052631579
0.14912280701754385
0.4473684210526316
0.6052631578947368
0.20175438596491227
0.11403508771929824
0.8859649122807017
0.6666666666666666
0.09649122807017543
0.7982456140350878
0.38596491228070173
0.8333333333333334
0.09649122807017543
0.8245614035087719
0.043859649122807015
0.38596491228070173
0.6403508771929824
0.11403508771929824
0.8157894736842105
0.7894736842105263
0.8245614035087719
0.2631578947368421
0.8596491228070176
0.13157894736842105
0.543859649122807
0.7894736842105263
0.22807017543859648
0.5877192982456141
0.8771929824561403
0.2807017543859649
0.13157894736842105
0.9210526315789473
0.5877192982456141
0.7631578947368421
0.9122807017543859
0.17543859649122806
0.8596491228070176
0.7456140350877193
0.4298245614035088
0.16666666666666666
0.06140350877192982
0.16666666666666666
0.5
0.07017543859649122
0.8596491228070176
0.6842105263157895
0.9210526315789473
0.9736842105263158
0.07894736842105263
0.22807017543859648
0.15789473684210525
0.8596491228070176
0.5789473684210527
0.21929824561403508
0.3508771929824561
0.06140350877192982
0.7456140350877193
0.20175438596491227
0.12280701754385964
0.2807017543859649
0.9385964912280702
0.4473684210526316
0.2982456140350877
0.2894736842105263
0.2982456140350877
0.15789473684210525
0.2982456140350877
0.9473684210526315
0.24561403508771928
0.5964912280701754
0.9385964912280702
0.17543859649122806
0.9385964912280702
0.07894736842105263
0.7719298245614035
0.23684210526315788
0.6491228070175439
0.8157894736842105
0.4824561403508772
0.14912280701754385
0.8771929824561403
0.08771929824561403
0.14912280701754385
0.12280701754385964
0.2982456140350877
0.06140350877192982
0.5087719298245614
0.956140350877193
0.35964912280701755
0.19298245614035087
0.2719298245614035
0.3684210526315789
0.5087719298245614
0.8771929824561403
0.4473684210526316
0.8245614035087719
0.09649122807017543
0.6578947368421053
0.39473684210526316
0.8070175438596491
0.32456140350877194
0.24561403508771928
0.9210526315789473
0.8245614035087719
0.6228070175438597
0.5526315789473685
0.14912280701754385
0.5350877192982456
0.8859649122807017
0.8947368421052632
0.12280701754385964
0.7368421052631579
0.2894736842105263
0.35964912280701755
0.23684210526315788
0.14912280701754385
0.32456140350877194
0.8859649122807017
0.30701754385964913
0.42105263157894735
0.9210526315789473
0.4824561403508772
0.2982456140350877
0.7894736842105263
0.22807017543859648
0.8157894736842105
0.6140350877192983
0.4649122807017544
0.10526315789473684
0.6666666666666666
0.41228070175438597
0.07894736842105263
0.8070175438596491
0.14912280701754385
0.7894736842105263
0.7894736842105263
0.22807017543859648
0.3157894736842105
0.7719298245614035
0.7719298245614035
0.8771929824561403
0.8947368421052632
0.45614035087719296
0.543859649122807
0.41228070175438597
0.8245614035087719
0.4824561403508772
0.4649122807017544
0.2807017543859649
0.2894736842105263
0.15789473684210525
0.8421052631578947
0.8771929824561403
0.8070175438596491
0.7280701754385965
0.7894736842105263
0.07017543859649122
0.8947368421052632
0.13157894736842105
0.16666666666666666
0.8508771929824561
0.7982456140350878
0.38596491228070173
0.8596491228070176
0.631578947368421
0.49122807017543857
0.8333333333333334
0.9473684210526315
0.8947368421052632
0.8508771929824561
0.14035087719298245
0.3333333333333333
0.13157894736842105
0.23684210526315788
0.3508771929824561
0.8508771929824561
0.7456140350877193
0.03508771929824561
0.8771929824561403
0.9035087719298246
0.3157894736842105
0.8947368421052632
0.14035087719298245
0.43859649122807015
0.868421052631579
0.2807017543859649
0.8157894736842105
0.8157894736842105
0.5263157894736842
0.8508771929824561
0.7543859649122807
0.14035087719298245
0.6491228070175439
0.5701754385964912
0.37719298245614036
0.49122807017543857
0.7368421052631579
0.11403508771929824
0.9122807017543859
0.7368421052631579
0.4298245614035088
0.7894736842105263
0.17543859649122806
0.8157894736842105
0.631578947368421
0.7719298245614035
0.09649122807017543
0.5087719298245614
0.9122807017543859
0.5614035087719298
0.5877192982456141
0.7982456140350878
0.7192982456140351
0.7719298245614035
0.5964912280701754
0.09649122807017543
0.10526315789473684
0.14912280701754385
0.09649122807017543
0.45614035087719296
0.5350877192982456
0.8947368421052632
0.6754385964912281
0.2807017543859649
0.16666666666666666
0.2894736842105263
0.38596491228070173
0.40350877192982454
0.7280701754385965
0.30701754385964913
0.03508771929824561
0.7894736842105263
0.9649122807017544
0.18421052631578946
0.5877192982456141
0.5877192982456141
0.17543859649122806
0.7982456140350878
0.11403508771929824
0.9210526315789473
0.45614035087719296
0.9298245614035088
0.9035087719298246
0.12280701754385964
0.09649122807017543
0.043859649122807015
0.41228070175438597
0.14035087719298245
0.8157894736842105
0.19298245614035087
0.20175438596491227
0.19298245614035087
0.8508771929824561
0.6929824561403509
0.18421052631578946
0.09649122807017543
0.8859649122807017
0.22807017543859648
0.9035087719298246
0.868421052631579
0.4649122807017544
0.42105263157894735
0.16666666666666666
0.8070175438596491
0.9385964912280702
0.18421052631578946
0.9122807017543859
0.6929824561403509
0.4824561403508772
0.23684210526315788
0.7280701754385965
0.631578947368421
0.5789473684210527
0.5350877192982456
0.8508771929824561
0.2631578947368421
0.5350877192982456
0.9298245614035088
0.15789473684210525
0.14912280701754385
0.37719298245614036
0.2631578947368421
0.12280701754385964
0.9473684210526315
0.5
0.5877192982456141
0.8070175438596491
0.6140350877192983
0.41228070175438597
0.43859649122807015
0.5701754385964912
0.23684210526315788
0.9122807017543859
0.6491228070175439
0.8157894736842105
0.6754385964912281
0.17543859649122806
0.49122807017543857
0.7368421052631579
0.7719298245614035
0.7456140350877193
0.09649122807017543
0.11403508771929824
0.3684210526315789
0.21052631578947367
0.4473684210526316
0.20175438596491227
0.4824561403508772
0.8596491228070176
0.3684210526315789
0.6140350877192983
0.868421052631579
0.40350877192982454
0.9473684210526315
0.3333333333333333
0.8157894736842105
0.3333333333333333
0.9122807017543859
0.08771929824561403
0.8245614035087719
0.5175438596491229
0.5
0.19298245614035087
0.24561403508771928
0.06140350877192982
0.5877192982456141
0.5701754385964912
0.8070175438596491
0.7368421052631579
0.9210526315789473
0.5
0.8508771929824561
0.6228070175438597
0.6403508771929824
0.14912280701754385
0.24561403508771928
0.49122807017543857
0.16666666666666666
0.7017543859649122
0.2894736842105263
0.9473684210526315
0.19298245614035087
0.40350877192982454
0.7631578947368421
0.23684210526315788
0.11403508771929824
0.2982456140350877
0.9122807017543859
0.30701754385964913
0.09649122807017543
0.41228070175438597
0.39473684210526316
0.3684210526315789
0.4298245614035088
0.45614035087719296
0.9385964912280702
0.32456140350877194
0.9035087719298246
0.9035087719298246
0.40350877192982454
0.8771929824561403
0.20175438596491227
0.8421052631578947
0.8333333333333334
0.20175438596491227
0.8245614035087719
0.8245614035087719
0.6929824561403509
0.043859649122807015
0.6403508771929824
0.8157894736842105
0.06140350877192982
0.9210526315789473
0.631578947368421
0.03508771929824561
0.7631578947368421
0.3333333333333333
0.956140350877193
0.9122807017543859
0.10526315789473684
0.8859649122807017
0.21052631578947367
0.5789473684210527
0.3684210526315789
0.8508771929824561
0.22807017543859648
0.17543859649122806
0.11403508771929824
0.8157894736842105
0.7631578947368421
0.13157894736842105
0.2543859649122807
0.10526315789473684
0.8157894736842105
0.12280701754385964
0.10526315789473684
0.9122807017543859
0.35964912280701755
0.2894736842105263
0.43859649122807015
0.20175438596491227
0.7719298245614035
0.5350877192982456
0.7017543859649122
0.7456140350877193
0.07017543859649122
0.5789473684210527
0.5614035087719298
0.8157894736842105
0.8333333333333334
0.7982456140350878
0.14912280701754385
0.09649122807017543
0.15789473684210525
0.19298245614035087
0.7982456140350878
0.23684210526315788
0.9122807017543859
0.14912280701754385
0.5701754385964912
0.3508771929824561
0.5964912280701754
0.7719298245614035
0.14912280701754385
0.17543859649122806
0.7368421052631579
0.21929824561403508
0.18421052631578946
0.7543859649122807
0.8421052631578947
0.09649122807017543
0.7368421052631579
0.2543859649122807
0.8947368421052632
0.868421052631579
0.5789473684210527
0.21052631578947367
0.8596491228070176
0.5877192982456141
0.18421052631578946
0.9210526315789473
0.2631578947368421
0.6842105263157895
0.7543859649122807
0.9122807017543859
0.8070175438596491
0.5614035087719298
0.5614035087719298
0.12280701754385964
0.47368421052631576
0.9473684210526315
0.7807017543859649
0.7105263157894737
0.5350877192982456
0.8596491228070176
0.8859649122807017
0.8508771929824561
0.6578947368421053
0.9210526315789473
0.8771929824561403
0.8157894736842105
0.868421052631579
0.3157894736842105
0.14035087719298245
0.41228070175438597
0.09649122807017543
0.2543859649122807
0.42105263157894735
0.17543859649122806
0.21929824561403508
0.13157894736842105
0.5526315789473685
0.9473684210526315
0.11403508771929824
0.14035087719298245
0.5789473684210527
0.7280701754385965
0.2543859649122807
0.7982456140350878
0.9122807017543859
0.18421052631578946
0.2894736842105263
0.7017543859649122
0.7894736842105263
0.22807017543859648
0.14912280701754385
0.13157894736842105
0.4649122807017544
0.17543859649122806
0.7368421052631579
0.13157894736842105
0.39473684210526316
0.7543859649122807
0.45614035087719296
0.24561403508771928
0.8070175438596491
0.8421052631578947
0.8157894736842105
0.3684210526315789
0.6052631578947368
0.8771929824561403
0.631578947368421
0.07894736842105263
0.7719298245614035
0.18421052631578946
0.6754385964912281
0.8771929824561403
0.16666666666666666
0.20175438596491227
0.15789473684210525
0.9473684210526315
0.3157894736842105
0.05263157894736842
0.8947368421052632
0.14035087719298245
0.9473684210526315
0.23684210526315788
0.13157894736842105
0.8157894736842105
0.6754385964912281
0.2807017543859649
0.18421052631578946
0.2894736842105263
0.15789473684210525
0.5175438596491229
0.06140350877192982
0.16666666666666666
0.7719298245614035
0.9298245614035088
0.13157894736842105
0.14912280701754385
0.8157894736842105
0.8859649122807017
0.7894736842105263
0.9122807017543859
0.07894736842105263
0.20175438596491227
0.6754385964912281
0.16666666666666666
0.14912280701754385
0.14912280701754385
0.16666666666666666
0.9298245614035088
0.21929824561403508
0.15789473684210525
0.07894736842105263
0.5877192982456141
0.45614035087719296
0.9122807017543859
0.6842105263157895
0.5
0.21052631578947367
0.9122807017543859
0.9298245614035088
0.7894736842105263
0.7631578947368421
0.8859649122807017
0.9385964912280702
0.9122807017543859
0.8859649122807017
0.5175438596491229
0.7280701754385965
0.5614035087719298
0.07894736842105263
0.8771929824561403
0.6403508771929824
0.8070175438596491
0.45614035087719296
0.8508771929824561
0.8245614035087719
0.8421052631578947
0.8859649122807017
0.8070175438596491
0.16666666666666666
0.12280701754385964
0.6578947368421053
0.20175438596491227
0.2543859649122807
0.7456140350877193
0.7894736842105263
0.14035087719298245
0.08771929824561403
0.14035087719298245
0.3508771929824561
0.2543859649122807
0.09649122807017543
0.8070175438596491
0.868421052631579
0.7192982456140351
0.45614035087719296
0.7192982456140351
0.7017543859649122
0.07894736842105263
0.18421052631578946
0.8771929824561403
0.7631578947368421
0.8771929824561403
0.30701754385964913
0.41228070175438597
0.9298245614035088
0.09649122807017543
0.15789473684210525
0.5964912280701754
0.9035087719298246
0.08771929824561403
0.8596491228070176
0.8508771929824561
0.16666666666666666
0.8421052631578947
0.4649122807017544
0.6403508771929824
0.9210526315789473
0.15789473684210525
0.14035087719298245
0.3157894736842105
0.8245614035087719
0.21052631578947367
0.4649122807017544
0.07017543859649122
0.7807017543859649
0.20175438596491227
0.8771929824561403
0.06140350877192982
0.8070175438596491
0.5526315789473685
0.5087719298245614
0.30701754385964913
0.12280701754385964
0.7456140350877193
0.34210526315789475
0.12280701754385964
0.42105263157894735
0.3508771929824561
0.2982456140350877
0.32456140350877194
0.35964912280701755
0.7017543859649122
0.5877192982456141
0.10526315789473684
0.06140350877192982
0.17543859649122806
0.8157894736842105
0.19298245614035087
0.7105263157894737
0.07894736842105263
0.39473684210526316
0.7894736842105263
0.41228070175438597
0.17543859649122806
0.8245614035087719
0.15789473684210525
0.7894736842105263
0.45614035087719296
0.18421052631578946
0.8771929824561403
0.47368421052631576
0.11403508771929824
0.6403508771929824
0.45614035087719296
0.2631578947368421
0.9473684210526315
0.8508771929824561
0.3333333333333333
0.6491228070175439
0.7894736842105263
0.14912280701754385
0.2719298245614035
0.8771929824561403
0.8333333333333334
0.3333333333333333
0.9649122807017544
0.8421052631578947
0.7456140350877193
0.4649122807017544
0.8245614035087719
0.8070175438596491
0.9035087719298246
0.2719298245614035
0.5701754385964912
0.3333333333333333
0.6140350877192983
0.20175438596491227
0.543859649122807
0.6666666666666666
0.9122807017543859
0.35964912280701755
0.07894736842105263
0.8421052631578947
0.17543859649122806
0.8859649122807017
0.07017543859649122
0.8070175438596491
0.30701754385964913
0.2982456140350877
0.8333333333333334
0.7894736842105263
0.8947368421052632
0.8947368421052632
0.32456140350877194
0.12280701754385964
0.7719298245614035
0.18421052631578946
0.7456140350877193
0.23684210526315788
0.8421052631578947
0.10526315789473684
0.39473684210526316
0.8421052631578947
0.6140350877192983
0.8947368421052632
0.7192982456140351
0.35964912280701755
0.2631578947368421
0.5614035087719298
0.7368421052631579
0.7017543859649122
0.7456140350877193
0.2894736842105263
0.14035087719298245
0.11403508771929824
0.8947368421052632
0.5350877192982456
0.8245614035087719
0.07017543859649122
0.8859649122807017
0.8596491228070176
0.9385964912280702
0.6140350877192983
0.7982456140350878
0.8333333333333334
0.9122807017543859
0.4298245614035088
0.3157894736842105
0.7105263157894737
0.2807017543859649
0.9473684210526315
0.8771929824561403
0.7719298245614035
0.8859649122807017
0.14035087719298245
0.8859649122807017
0.9473684210526315
0.08771929824561403
0.41228070175438597
0.7105263157894737
0.18421052631578946
0.5526315789473685
0.37719298245614036
0.8157894736842105
0.37719298245614036
0.9473684210526315
0.8421052631578947
0.16666666666666666
0.631578947368421
0.37719298245614036
0.5877192982456141
0.6842105263157895
0.6228070175438597
0.7894736842105263
0.8070175438596491
0.868421052631579
0.09649122807017543
0.08771929824561403
0.3157894736842105
0.8157894736842105
0.43859649122807015
0.23684210526315788
0.7192982456140351
0.5350877192982456
0.5877192982456141
0.10526315789473684
0.06140350877192982
0.8508771929824561
0.868421052631579
0.7894736842105263
0.2894736842105263
0.17543859649122806
0.23684210526315788
0.5
0.39473684210526316
0.10526315789473684
0.2807017543859649
0.5789473684210527
0.7807017543859649
0.35964912280701755
0.5614035087719298
0.7894736842105263
0.8508771929824561
0.7368421052631579
0.7807017543859649
0.14035087719298245
0.7543859649122807
0.17543859649122806
0.8333333333333334
0.5175438596491229
0.7894736842105263
0.7543859649122807
0.9298245614035088
0.6140350877192983
0.11403508771929824
0.5614035087719298
0.12280701754385964
0.5701754385964912
0.7982456140350878
0.2543859649122807
0.8333333333333334
0.23684210526315788
0.9298245614035088
0.5087719298245614
0.6666666666666666
0.5964912280701754
0.15789473684210525
0.47368421052631576
0.9649122807017544
0.16666666666666666
0.7456140350877193
0.8157894736842105
0.8333333333333334
0.3684210526315789
0.8859649122807017
0.8859649122807017
0.9385964912280702
0.37719298245614036
0.7631578947368421
0.7807017543859649
0.5
0.6754385964912281
0.8421052631578947
0.4298245614035088
0.19298245614035087
0.956140350877193
0.10526315789473684
0.631578947368421
0.868421052631579
0.23684210526315788
0.6403508771929824
0.11403508771929824
0.47368421052631576
0.9210526315789473
0.9385964912280702
0.09649122807017543
0.08771929824561403
0.19298245614035087
0.21052631578947367
0.7894736842105263
0.07017543859649122
0.17543859649122806
0.8859649122807017
0.6842105263157895
0.8771929824561403
0.6140350877192983
0.956140350877193
0.043859649122807015
0.11403508771929824
0.21929824561403508
0.16666666666666666
0.8596491228070176
0.7368421052631579
0.3333333333333333
0.49122807017543857
0.23684210526315788
0.40350877192982454
0.8245614035087719
0.9035087719298246
0.38596491228070173
0.9122807017543859
0.4824561403508772
0.8421052631578947
0.7894736842105263
0.7456140350877193
0.4298245614035088
0.5263157894736842
0.8859649122807017
0.2719298245614035
0.868421052631579
0.09649122807017543
0.7368421052631579
0.17543859649122806
0.5789473684210527
0.8859649122807017
0.3508771929824561
0.39473684210526316
0.8070175438596491
0.6403508771929824
0.41228070175438597
0.08771929824561403
0.14035087719298245
0.10526315789473684
0.4824561403508772
0.5789473684210527
0.6403508771929824
0.24561403508771928
0.3333333333333333
0.17543859649122806
0.14912280701754385
0.09649122807017543
0.14035087719298245
0.6491228070175439
0.6052631578947368
0.10526315789473684
0.8070175438596491
0.631578947368421
0.08771929824561403
0.6228070175438597
0.6929824561403509
0.8245614035087719
0.8947368421052632
0.8596491228070176
0.07017543859649122
0.09649122807017543
0.3684210526315789
0.8508771929824561
0.9210526315789473
0.5087719298245614
0.8508771929824561
0.8333333333333334
0.8421052631578947
0.8508771929824561
0.8596491228070176
0.13157894736842105
0.9473684210526315
0.16666666666666666
0.21052631578947367
0.24561403508771928
0.6842105263157895
0.9035087719298246
0.8859649122807017
0.11403508771929824
0.15789473684210525
0.8947368421052632
0.34210526315789475
0.7280701754385965
0.6842105263157895
0.2543859649122807
0.14035087719298245
0.15789473684210525
0.7982456140350878
0.5350877192982456
0.3333333333333333
0.14035087719298245
0.8859649122807017
0.5877192982456141
0.19298245614035087
0.8771929824561403
0.18421052631578946
0.15789473684210525
0.3157894736842105
0.07017543859649122
0.2894736842105263
0.35964912280701755
0.7280701754385965
0.8421052631578947
0.8947368421052632
0.19298245614035087
0.30701754385964913
0.18421052631578946
0.7894736842105263
0.2894736842105263
0.5614035087719298
0.07017543859649122
0.23684210526315788
0.6578947368421053
0.4649122807017544
0.868421052631579
0.7017543859649122
0.22807017543859648
0.8508771929824561
0.21052631578947367
0.22807017543859648
0.20175438596491227
0.2982456140350877
0.14912280701754385
0.10526315789473684
0.7017543859649122
0.8245614035087719
0.41228070175438597
0.6403508771929824
0.18421052631578946
0.43859649122807015
0.3157894736842105
0.13157894736842105
0.8157894736842105
0.9298245614035088
0.7543859649122807
0.7368421052631579
0.14035087719298245
0.22807017543859648
0.42105263157894735
0.38596491228070173
0.7719298245614035
0.868421052631579
0.8070175438596491
0.16666666666666666
0.20175438596491227
0.7105263157894737
0.8947368421052632
0.35964912280701755
0.4824561403508772
0.9298245614035088
0.07894736842105263
0.22807017543859648
0.23684210526315788
0.11403508771929824
0.10526315789473684
0.34210526315789475
0.7192982456140351
0.10526315789473684
0.8947368421052632
0.41228070175438597
0.37719298245614036
0.21929824561403508
0.5877192982456141
0.9298245614035088
0.07894736842105263
0.8859649122807017
0.6228070175438597
0.2719298245614035
0.3508771929824561
0.2543859649122807
0.8157894736842105
0.11403508771929824
0.5175438596491229
0.9385964912280702
0.868421052631579
0.8333333333333334
0.05263157894736842
0.42105263157894735
0.9210526315789473
0.5263157894736842
0.956140350877193
0.5877192982456141
0.8333333333333334
0.18421052631578946
0.7456140350877193
0.868421052631579
0.05263157894736842
0.9385964912280702
0.5614035087719298
0.6403508771929824
0.8157894736842105
0.8245614035087719
0.40350877192982454
0.7192982456140351
0.5350877192982456
0.09649122807017543
0.10526315789473684
0.21052631578947367
0.3508771929824561
0.8421052631578947
0.07894736842105263
0.3157894736842105
0.34210526315789475
0.7456140350877193
0.8859649122807017
0.09649122807017543
0.3333333333333333
0.19298245614035087
0.6754385964912281
0.07894736842105263
0.8947368421052632
0.9298245614035088
0.7807017543859649
0.8245614035087719
0.43859649122807015
0.6052631578947368
0.5964912280701754
0.9035087719298246
0.8333333333333334
0.7631578947368421
0.16666666666666666
0.8771929824561403
0.10526315789473684
0.08771929824561403
0.7894736842105263
0.6228070175438597
0.2719298245614035
0.6140350877192983
0.2719298245614035
0.9298245614035088
0.8508771929824561
0.41228070175438597
0.17543859649122806
0.11403508771929824
0.5614035087719298
0.23684210526315788
0.5964912280701754
0.10526315789473684
0.6842105263157895
0.21052631578947367
0.08771929824561403
0.42105263157894735
0.22807017543859648
0.14035087719298245
0.8508771929824561
0.8245614035087719
0.47368421052631576
0.631578947368421
0.6403508771929824
0.5350877192982456
0.7807017543859649
0.8596491228070176
0.17543859649122806
0.9385964912280702
0.8859649122807017
0.7456140350877193
0.2543859649122807
0.5877192982456141
0.06140350877192982
0.22807017543859648
0.49122807017543857
0.07894736842105263
0.8245614035087719
0.043859649122807015
0.15789473684210525
0.868421052631579
0.37719298245614036
0.6403508771929824
0.19298245614035087
0.9122807017543859
0.8596491228070176
0.09649122807017543
0.8508771929824561
0.14912280701754385
0.19298245614035087
0.8333333333333334
0.06140350877192982
0.8947368421052632
0.49122807017543857
0.8947368421052632
0.12280701754385964
0.9473684210526315
0.7807017543859649
0.7982456140350878
0.16666666666666666
0.9122807017543859
0.9649122807017544
0.18421052631578946
0.7368421052631579
0.7105263157894737
0.4649122807017544
0.06140350877192982
0.17543859649122806
0.9035087719298246
0.23684210526315788
0.11403508771929824
0.8771929824561403
0.2543859649122807
0.49122807017543857
0.6403508771929824
0.4298245614035088
0.8947368421052632
0.16666666666666666
0.20175438596491227
0.5263157894736842
0.2631578947368421
0.11403508771929824
0.8333333333333334
0.7543859649122807
0.11403508771929824
0.14035087719298245
0.15789473684210525
0.3157894736842105
0.19298245614035087
0.5877192982456141
0.2631578947368421
0.22807017543859648
0.2807017543859649
0.16666666666666666
0.5175438596491229
0.41228070175438597
0.07017543859649122
0.35964912280701755
0.4473684210526316
0.8596491228070176
0.18421052631578946
0.6666666666666666
0.9385964912280702
0.32456140350877194
0.39473684210526316
0.32456140350877194
0.47368421052631576
0.5964912280701754
0.2982456140350877
0.6140350877192983
0.9649122807017544
0.49122807017543857
0.8421052631578947
0.2543859649122807
0.03508771929824561
0.2719298245614035
0.8157894736842105
0.5087719298245614
0.5701754385964912
0.868421052631579
0.8245614035087719
0.14912280701754385
0.21929824561403508
0.5
0.8421052631578947
0.08771929824561403
0.6403508771929824
0.38596491228070173
0.38596491228070173
0.2631578947368421
0.5789473684210527
0.9035087719298246
0.6491228070175439
0.12280701754385964
0.8771929824561403
0.35964912280701755
0.8596491228070176
0.07894736842105263
0.9298245614035088
0.8771929824561403
0.11403508771929824
0.20175438596491227
0.9035087719298246
0.4649122807017544
0.14035087719298245
0.9035087719298246
0.868421052631579
0.8771929824561403
0.9035087719298246
0.09649122807017543
0.21052631578947367
0.8771929824561403
0.631578947368421
0.7894736842105263
0.8859649122807017
0.2719298245614035
0.35964912280701755
0.868421052631579
0.32456140350877194
0.8947368421052632
0.08771929824561403
0.10526315789473684
0.9298245614035088
0.14912280701754385
0.7543859649122807
0.5087719298245614
0.8157894736842105
0.9649122807017544
0.7017543859649122
0.6842105263157895
0.8245614035087719
0.8859649122807017
0.8596491228070176
0.8157894736842105
0.8421052631578947
0.21929824561403508
0.08771929824561403
0.07017543859649122
0.14035087719298245
0.2719298245614035
0.10526315789473684
0.11403508771929824
0.05263157894736842
0.2807017543859649
0.8245614035087719
0.8157894736842105
0.5350877192982456
0.6403508771929824
0.8859649122807017
0.8157894736842105
0.868421052631579
0.8508771929824561
0.8771929824561403
0.9298245614035088
0.2807017543859649
0.631578947368421
0.08771929824561403
0.41228070175438597
0.868421052631579
0.12280701754385964
0.9035087719298246
0.8508771929824561
0.7982456140350878
0.5614035087719298
0.06140350877192982
0.7017543859649122
0.14912280701754385
0.3333333333333333
0.8596491228070176
0.20175438596491227
0.41228070175438597
0.42105263157894735
0.5701754385964912
0.2982456140350877
0.4649122807017544
0.5526315789473685
0.868421052631579
0.16666666666666666
0.47368421052631576
0.8421052631578947
0.9210526315789473
0.16666666666666666
0.8859649122807017
0.12280701754385964
0.8771929824561403
0.7807017543859649
0.7894736842105263
0.8333333333333334
0.15789473684210525
0.6578947368421053
0.21052631578947367
0.2543859649122807
0.07894736842105263
0.8245614035087719
0.7807017543859649
0.9473684210526315
0.17543859649122806
0.05263157894736842
0.8421052631578947
0.16666666666666666
0.08771929824561403
0.7894736842105263
0.13157894736842105
0.868421052631579
0.7456140350877193
0.21929824561403508
0.5350877192982456
0.10526315789473684
0.14912280701754385
0.24561403508771928
0.9210526315789473
0.16666666666666666
0.8157894736842105
0.7894736842105263
0.34210526315789475
0.7894736842105263
0.8157894736842105
0.9298245614035088
0.8771929824561403
0.8596491228070176
0.8947368421052632
0.868421052631579
0.21052631578947367
0.8947368421052632
0.2982456140350877
0.543859649122807
0.7631578947368421
0.24561403508771928
0.11403508771929824
0.39473684210526316
0.14035087719298245
0.8596491228070176
