4.557657948927954
3.840155004989356
4.068153949920088
4.187728099990636
4.602367835119367
3.7700391858816147
2.866229481063783
4.599078533938155
4.314926030114293
2.90846991003491
4.228395462036133
3.899486776906997
4.463644752977416
4.316096066962928
4.546373496996239
3.9371626069769263
4.743693663040176
3.169052724028006
3.8260282860137522
4.066245079040527
3.5644377479329705
4.223706434015185
4.342995245940983
3.6463378600310534
4.537560120923445
4.544477055082098
4.191434786887839
4.538476363057271
4.338524009101093
4.543991061858833
3.8826908350456506
3.743037492968142
2.696010508108884
4.011979389004409
4.363825334934518
3.3309928118251264
4.031456184806302
3.665409018052742
4.438415260985494
5.058312665205449
3.547113216947764
3.8084061718545854
3.6713229580782354
3.9663331599440426
3.9007719680666924
3.3501374130137265
4.389079964021221
3.966461607022211
3.5686260811053216
3.5255833079572767