8.850697787944227
4.593480142066255
13.038242995040491
5.709430833114311
7.05603600316681
5.5908035568427294
4.891696139937267
8.538243510993198
5.839346766937524
6.304573630914092
5.415747429942712
4.820528510957956
7.907295427983627
23.566285027191043
8.051526689901948
7.88407687516883
4.910020926035941
5.086783244973049
13.802539254073054
7.815721188904718
9.039990989025682
6.582182291895151
5.778586019994691
5.621775911888108
4.097251767059788
5.104435303946957
5.874868407147005
6.554471147013828
9.957580213202164
5.083921456942335
5.000162127893418
4.248620043043047
6.893827820196748
4.678564799949527
4.974619945045561
5.301373685942963
4.60548391379416
7.88333316007629
6.596862473990768
4.297472757054493
8.485345161985606
5.360863171052188
6.118414297932759
5.439954509958625
6.445877928985283
5.283628948032856
9.205420583952218
5.004360038088635
15.744907514890656
6.049525007139891