3.448018230032176
3.6586059890687466
3.7043998329900205
3.722640380030498
3.504975804127753
3.754278383916244
3.6193767241202295
3.8757421569898725
3.721577185904607
3.6786191309802234
3.777145559899509
3.6203929039184004
3.6550785340368748
4.060229406924918
3.7493186129722744
3.380618258146569
3.840493337949738
3.8891752648632973
3.971672751940787
3.706087572965771
3.8225879340898246
3.6509987101890147
3.760773824993521
3.7621280991006643
3.6374689140357077
3.5824183518998325
3.6362361998762935
3.738867713836953
3.642938989214599
3.9439583390485495
3.6734531191177666
3.6672308770939708
3.6443558800965548
3.6451123550068587
3.5757754910737276
3.8286038120277226
3.6085456130094826
3.518506927182898
3.820771872997284
3.794307723874226
3.7028503590263426
3.619549554074183
3.7268117151688784
3.5930440600495785
3.7960016089491546
3.7563137151300907
3.972742650890723
3.628953481093049
3.797796309925616
3.632926414022222