9.47973799915053
10.126110871089622
11.032636369112879
10.677483305800706
9.63987497286871
9.630134689155966
9.369533260120079
9.342220382066444
9.268009837018326
9.285392360994592
9.431965115014464
9.444127712864429
9.608052610885352
9.513313492992893
9.466131212189794
9.778918345924467
9.313938128994778
9.316600746940821
9.632459981832653
9.451466182013974
9.43609388684854
9.963639497989789
9.411029144888744
9.496401543030515
9.523983499966562
9.36568531487137
9.502820377005264
9.267595559824258
10.238864674931392
12.155978323891759
13.180876564001665
12.166144435992464
10.817703363951296
11.195054627023637
10.95692065008916
9.489388596965
9.441068941028789
8.876929478952661
10.222868548939005
9.75202768202871
9.31351150199771
9.520851081004366
9.461342607159168
10.064682605909184
10.723941745935008
10.335134465014562
10.42952968692407
9.06025270698592
9.391692609991878
9.452220340026543