0.3684210526315789
0.3684210526315789
0.3684210526315789
0.3684210526315789
0.3684210526315789
0.3684210526315789
0.3684210526315789
0.3684210526315789
0.3684210526315789
0.3684210526315789
0.3684210526315789
0.3684210526315789
0.3684210526315789
0.3684210526315789
0.3684210526315789
0.3684210526315789
0.3684210526315789
0.3684210526315789
0.3684210526315789
0.3684210526315789
0.3684210526315789
0.3684210526315789
0.3684210526315789
0.3684210526315789
0.3684210526315789
0.3684210526315789
0.3684210526315789
0.3684210526315789
0.3684210526315789
0.3684210526315789
0.3684210526315789
0.3684210526315789
0.3684210526315789
0.3684210526315789
0.3684210526315789
0.3684210526315789
0.3684210526315789
0.3684210526315789
0.3684210526315789
0.3684210526315789
0.3684210526315789
0.3684210526315789
0.3684210526315789
0.3684210526315789
0.3684210526315789
0.3684210526315789
0.3684210526315789
0.3684210526315789
0.3684210526315789
0.3684210526315789
0.3684210526315789
0.3684210526315789
0.3684210526315789
0.3684210526315789
0.3684210526315789
0.3684210526315789
0.3684210526315789
0.3684210526315789
0.3684210526315789
0.3684210526315789
0.3684210526315789
0.3684210526315789
0.3684210526315789
0.3684210526315789
0.3684210526315789
0.3684210526315789
0.3684210526315789
0.3684210526315789
0.3684210526315789
0.3684210526315789
0.3684210526315789
0.3684210526315789
0.3684210526315789
0.3684210526315789
0.3684210526315789
0.3684210526315789
0.3684210526315789
0.3684210526315789
0.3684210526315789
0.3684210526315789
0.3684210526315789
0.3684210526315789
0.3684210526315789
0.3684210526315789
0.3684210526315789
0.3684210526315789
0.3684210526315789
0.3684210526315789
0.3684210526315789
0.3684210526315789
0.3684210526315789
0.3684210526315789
0.3684210526315789
0.3684210526315789
0.3684210526315789
0.3684210526315789
0.3684210526315789
0.3684210526315789
0.3684210526315789
0.3684210526315789
0.3684210526315789
0.3684210526315789
0.3684210526315789
0.6403508771929824
0.6491228070175439
0.3684210526315789
0.6228070175438597
0.3684210526315789
0.8859649122807017
0.3684210526315789
0.631578947368421
0.631578947368421
0.631578947368421
0.3684210526315789
0.631578947368421
0.3684210526315789
0.631578947368421
0.6842105263157895
0.631578947368421
0.3684210526315789
0.3684210526315789
0.3684210526315789
0.3684210526315789
0.9210526315789473
0.3684210526315789
0.5
0.3684210526315789
0.3684210526315789
0.6842105263157895
0.3684210526315789
0.7017543859649122
0.3684210526315789
0.3684210526315789
0.6754385964912281
0.7017543859649122
0.7982456140350878
0.5964912280701754
0.631578947368421
0.3684210526315789
0.3684210526315789
0.3684210526315789
0.3684210526315789
0.6403508771929824
0.39473684210526316
0.3684210526315789
0.3684210526315789
0.3684210526315789
0.3684210526315789
0.8596491228070176
0.3684210526315789
0.7543859649122807
0.9210526315789473
0.6842105263157895
0.3684210526315789
0.3684210526315789
0.6491228070175439
0.631578947368421
0.39473684210526316
0.6578947368421053
0.8596491228070176
0.3684210526315789
0.3684210526315789
0.3684210526315789
0.3684210526315789
0.3684210526315789
0.8596491228070176
0.6052631578947368
0.3684210526315789
0.3684210526315789
0.631578947368421
0.5
0.3684210526315789
0.3684210526315789
0.3684210526315789
0.40350877192982454
0.39473684210526316
0.631578947368421
0.868421052631579
0.7894736842105263
0.3684210526315789
0.37719298245614036
0.3684210526315789
0.8333333333333334
0.6929824561403509
0.6578947368421053
0.3684210526315789
0.7105263157894737
0.3684210526315789
0.631578947368421
0.3684210526315789
0.7894736842105263
0.6929824561403509
0.3684210526315789
0.3684210526315789
0.631578947368421
0.3684210526315789
0.7543859649122807
0.3684210526315789
0.6403508771929824
0.9035087719298246
0.6491228070175439
0.37719298245614036
0.8771929824561403
0.631578947368421
0.5964912280701754
0.7017543859649122
0.6491228070175439
0.3684210526315789
0.6666666666666666
0.3684210526315789
0.39473684210526316
0.38596491228070173
0.3684210526315789
0.39473684210526316
0.6403508771929824
0.6929824561403509
0.8771929824561403
0.4473684210526316
0.37719298245614036
0.4298245614035088
0.6666666666666666
0.3684210526315789
0.3684210526315789
0.40350877192982454
0.7631578947368421
0.8508771929824561
0.37719298245614036
0.39473684210526316
0.3684210526315789
0.8070175438596491
0.6578947368421053
0.3684210526315789
0.8508771929824561
0.6403508771929824
0.40350877192982454
0.40350877192982454
0.6578947368421053
0.3684210526315789
0.7543859649122807
0.3684210526315789
0.9122807017543859
0.631578947368421
0.3684210526315789
0.37719298245614036
0.3684210526315789
0.6403508771929824
0.8859649122807017
0.7543859649122807
0.40350877192982454
0.3684210526315789
0.7543859649122807
0.6403508771929824
0.3684210526315789
0.631578947368421
0.4298245614035088
0.631578947368421
0.6403508771929824
0.631578947368421
0.6666666666666666
0.8771929824561403
0.7631578947368421
0.9122807017543859
0.6140350877192983
0.3684210526315789
0.7719298245614035
0.37719298245614036
0.6491228070175439
0.37719298245614036
0.8421052631578947
0.4473684210526316
0.3684210526315789
0.7280701754385965
0.3684210526315789
0.3684210526315789
0.7982456140350878
0.3684210526315789
0.868421052631579
0.3684210526315789
0.38596491228070173
0.7543859649122807
0.8333333333333334
0.3684210526315789
0.631578947368421
0.7543859649122807
0.7280701754385965
0.3684210526315789
0.6666666666666666
0.4473684210526316
0.37719298245614036
0.7017543859649122
0.8771929824561403
0.6491228070175439
0.6491228070175439
0.37719298245614036
0.7543859649122807
0.3684210526315789
0.3684210526315789
0.6403508771929824
0.3684210526315789
0.5087719298245614
0.3684210526315789
0.7719298245614035
0.3684210526315789
0.3684210526315789
0.3684210526315789
0.37719298245614036
0.3684210526315789
0.3684210526315789
0.631578947368421
0.3684210526315789
0.3684210526315789
0.5175438596491229
0.8859649122807017
0.7631578947368421
0.3684210526315789
0.631578947368421
0.3684210526315789
0.631578947368421
0.4824561403508772
0.631578947368421
0.3684210526315789
0.631578947368421
0.631578947368421
0.631578947368421
0.3684210526315789
0.6140350877192983
0.6403508771929824
0.631578947368421
0.3684210526315789
0.7719298245614035
0.6491228070175439
0.3684210526315789
0.631578947368421
0.3684210526315789
0.6491228070175439
0.6929824561403509
0.3684210526315789
0.3684210526315789
0.3684210526315789
0.3684210526315789
0.7719298245614035
0.40350877192982454
0.3684210526315789
0.3684210526315789
0.6403508771929824
0.3684210526315789
0.6578947368421053
0.8157894736842105
0.3684210526315789
0.7017543859649122
0.6491228070175439
0.3684210526315789
0.4824561403508772
0.3684210526315789
0.3684210526315789
0.6491228070175439
0.3684210526315789
0.37719298245614036
0.631578947368421
0.631578947368421
0.3684210526315789
0.631578947368421
0.3684210526315789
0.6403508771929824
0.3684210526315789
0.3684210526315789
0.3684210526315789
0.6842105263157895
0.3684210526315789
0.3684210526315789
0.631578947368421
0.6578947368421053
0.631578947368421
0.6929824561403509
0.7192982456140351
0.631578947368421
0.9385964912280702
0.6578947368421053
0.3684210526315789
0.6491228070175439
0.631578947368421
0.9035087719298246
0.3684210526315789
0.37719298245614036
0.631578947368421
0.3684210526315789
0.8070175438596491
0.3684210526315789
0.3684210526315789
0.631578947368421
0.3684210526315789
0.7543859649122807
0.631578947368421
0.3684210526315789
0.7280701754385965
0.7543859649122807
0.631578947368421
0.631578947368421
0.8333333333333334
0.8771929824561403
0.3684210526315789
0.3684210526315789
0.8859649122807017
0.631578947368421
0.3684210526315789
0.3684210526315789
0.3684210526315789
0.3684210526315789
0.8070175438596491
0.3684210526315789
0.3684210526315789
0.7017543859649122
0.3684210526315789
0.631578947368421
0.3684210526315789
0.6754385964912281
0.9210526315789473
0.631578947368421
0.3684210526315789
0.3684210526315789
0.631578947368421
0.3684210526315789
0.3684210526315789
0.47368421052631576
0.631578947368421
0.3684210526315789
0.3684210526315789
0.631578947368421
0.3684210526315789
0.631578947368421
0.3684210526315789
0.631578947368421
0.3684210526315789
0.631578947368421
0.631578947368421
0.3684210526315789
0.3684210526315789
0.3684210526315789
0.3684210526315789
0.3684210526315789
0.3684210526315789
0.3684210526315789
0.3684210526315789
0.3684210526315789
0.3684210526315789
0.631578947368421
0.631578947368421
0.631578947368421
0.7543859649122807
0.3684210526315789
0.3684210526315789
0.3684210526315789
0.631578947368421
0.3684210526315789
0.3684210526315789
0.3684210526315789
0.3684210526315789
0.3684210526315789
0.631578947368421
0.631578947368421
0.3684210526315789
0.3684210526315789
0.631578947368421
0.3684210526315789
0.7807017543859649
0.631578947368421
0.3684210526315789
0.3684210526315789
0.3684210526315789
0.631578947368421
0.38596491228070173
0.3684210526315789
0.3684210526315789
0.3684210526315789
0.3684210526315789
0.3684210526315789
0.631578947368421
0.631578947368421
0.3684210526315789
0.6666666666666666
0.631578947368421
0.6403508771929824
0.3684210526315789
0.3684210526315789
0.8771929824561403
0.3684210526315789
0.631578947368421
0.3684210526315789
0.6666666666666666
0.631578947368421
0.631578947368421
0.7192982456140351
0.3684210526315789
0.3684210526315789
0.3684210526315789
0.6403508771929824
0.3684210526315789
0.3684210526315789
0.3684210526315789
0.3684210526315789
0.3684210526315789
0.3684210526315789
0.3684210526315789
0.3684210526315789
0.3684210526315789
0.3684210526315789
0.3684210526315789
0.6491228070175439
0.6842105263157895
0.3684210526315789
0.3684210526315789
0.3684210526315789
0.3684210526315789
0.3684210526315789
0.631578947368421
0.3684210526315789
0.631578947368421
0.3684210526315789
0.3684210526315789
0.631578947368421
0.6491228070175439
0.3684210526315789
0.3684210526315789
0.3684210526315789
0.6578947368421053
0.631578947368421
0.3684210526315789
0.3684210526315789
0.3684210526315789
0.631578947368421
0.631578947368421
0.631578947368421
0.37719298245614036
0.3684210526315789
0.3684210526315789
0.3684210526315789
0.3684210526315789
0.3684210526315789
0.3684210526315789
0.631578947368421
0.7017543859649122
0.631578947368421
0.3684210526315789
0.631578947368421
0.631578947368421
0.3684210526315789
0.3684210526315789
0.3684210526315789
0.3684210526315789
0.631578947368421
0.631578947368421
0.3684210526315789
0.3684210526315789
0.631578947368421
0.3684210526315789
0.631578947368421
0.3684210526315789
0.3684210526315789
0.631578947368421
0.3684210526315789
0.6403508771929824
0.3684210526315789
0.3684210526315789
0.631578947368421
0.3684210526315789
0.6666666666666666
0.3684210526315789
0.631578947368421
0.3684210526315789
0.3684210526315789
0.631578947368421
0.631578947368421
0.3684210526315789
0.3684210526315789
0.3684210526315789
0.3684210526315789
0.3684210526315789
0.6491228070175439
0.3684210526315789
0.3684210526315789
0.631578947368421
0.631578947368421
0.8421052631578947
0.3684210526315789
0.3684210526315789
0.3684210526315789
0.9035087719298246
0.631578947368421
0.3684210526315789
0.3684210526315789
0.3684210526315789
0.631578947368421
0.3684210526315789
0.6666666666666666
0.6929824561403509
0.631578947368421
0.3684210526315789
0.631578947368421
0.6403508771929824
0.3684210526315789
0.3684210526315789
0.3684210526315789
0.631578947368421
0.631578947368421
0.631578947368421
0.631578947368421
0.3684210526315789
0.3684210526315789
0.631578947368421
0.631578947368421
0.3684210526315789
0.3684210526315789
0.3684210526315789
0.3684210526315789
0.631578947368421
0.3684210526315789
0.3684210526315789
0.3684210526315789
0.3684210526315789
0.3684210526315789
0.3684210526315789
0.3684210526315789
0.631578947368421
0.631578947368421
0.3684210526315789
0.3684210526315789
0.631578947368421
0.3684210526315789
0.631578947368421
0.3684210526315789
0.3684210526315789
0.631578947368421
0.631578947368421
0.3684210526315789
0.3684210526315789
0.631578947368421
0.3684210526315789
0.3684210526315789
0.3684210526315789
0.3684210526315789
0.631578947368421
0.631578947368421
0.631578947368421
0.3684210526315789
0.631578947368421
0.631578947368421
0.3684210526315789
0.3684210526315789
0.3684210526315789
0.631578947368421
0.3684210526315789
0.3684210526315789
0.3684210526315789
0.631578947368421
0.3684210526315789
0.3684210526315789
0.631578947368421
0.631578947368421
0.3684210526315789
0.3684210526315789
0.3684210526315789
0.631578947368421
0.3684210526315789
0.631578947368421
0.3684210526315789
0.631578947368421
0.631578947368421
0.631578947368421
0.3684210526315789
0.3684210526315789
0.631578947368421
0.3684210526315789
0.3684210526315789
0.3684210526315789
0.3684210526315789
0.631578947368421
0.631578947368421
0.3684210526315789
0.3684210526315789
0.3684210526315789
0.3684210526315789
0.3684210526315789
0.3684210526315789
0.631578947368421
0.631578947368421
0.3684210526315789
0.3684210526315789
0.631578947368421
0.3684210526315789
0.3684210526315789
0.631578947368421
0.3684210526315789
0.3684210526315789
0.3684210526315789
0.6491228070175439
0.631578947368421
0.3684210526315789
0.3684210526315789
0.631578947368421
0.3684210526315789
0.3684210526315789
0.631578947368421
0.3684210526315789
0.631578947368421
0.37719298245614036
0.3684210526315789
0.3684210526315789
0.3684210526315789
0.3684210526315789
0.3684210526315789
0.3684210526315789
0.631578947368421
0.3684210526315789
0.631578947368421
0.3684210526315789
0.3684210526315789
0.3684210526315789
0.3684210526315789
0.631578947368421
0.3684210526315789
0.3684210526315789
0.3684210526315789
0.631578947368421
0.3684210526315789
0.631578947368421
0.631578947368421
0.631578947368421
0.631578947368421
0.631578947368421
0.3684210526315789
0.3684210526315789
0.6491228070175439
0.3684210526315789
0.3684210526315789
0.631578947368421
0.3684210526315789
0.3684210526315789
0.3684210526315789
0.3684210526315789
0.3684210526315789
0.3684210526315789
0.3684210526315789
0.631578947368421
0.3684210526315789
0.631578947368421
0.3684210526315789
0.3684210526315789
0.631578947368421
0.3684210526315789
0.3684210526315789
0.3684210526315789
0.3684210526315789
0.6491228070175439
0.3684210526315789
0.3684210526315789
0.3684210526315789
0.3684210526315789
0.631578947368421
0.631578947368421
0.3684210526315789
0.3684210526315789
0.3684210526315789
0.3684210526315789
0.631578947368421
0.3684210526315789
0.3684210526315789
0.3684210526315789
0.3684210526315789
0.3684210526315789
0.3684210526315789
0.631578947368421
0.3684210526315789
0.3684210526315789
0.631578947368421
0.631578947368421
0.3684210526315789
0.631578947368421
0.3684210526315789
0.3684210526315789
0.3684210526315789
0.3684210526315789
0.3684210526315789
0.631578947368421
0.3684210526315789
0.3684210526315789
0.7894736842105263
0.631578947368421
0.3684210526315789
0.631578947368421
0.3684210526315789
0.631578947368421
0.3684210526315789
0.3684210526315789
0.631578947368421
0.631578947368421
0.3684210526315789
0.631578947368421
0.631578947368421
0.3684210526315789
0.3684210526315789
0.3684210526315789
0.631578947368421
0.631578947368421
0.3684210526315789
0.3684210526315789
0.3684210526315789
0.3684210526315789
0.3684210526315789
0.8508771929824561
0.37719298245614036
0.3684210526315789
0.631578947368421
0.631578947368421
0.631578947368421
0.631578947368421
0.3684210526315789
0.3684210526315789
0.631578947368421
0.3684210526315789
0.3684210526315789
0.6842105263157895
0.631578947368421
0.631578947368421
0.631578947368421
0.631578947368421
0.631578947368421
0.631578947368421
0.3684210526315789
0.37719298245614036
0.3684210526315789
0.3684210526315789
0.3684210526315789
0.3684210526315789
0.3684210526315789
0.631578947368421
0.3684210526315789
0.3684210526315789
0.3684210526315789
0.3684210526315789
0.631578947368421
0.631578947368421
0.631578947368421
0.3684210526315789
0.3684210526315789
0.3684210526315789
0.3684210526315789
0.631578947368421
0.3684210526315789
0.631578947368421
0.3684210526315789
0.3684210526315789
0.3684210526315789
0.631578947368421
0.3684210526315789
0.631578947368421
0.631578947368421
0.631578947368421
0.3684210526315789
0.631578947368421
0.631578947368421
0.631578947368421
0.631578947368421
0.3684210526315789
0.631578947368421
0.631578947368421
0.3684210526315789
0.3684210526315789
0.631578947368421
0.631578947368421
0.631578947368421
0.3684210526315789
0.3684210526315789
0.631578947368421
0.6403508771929824
0.5701754385964912
0.631578947368421
0.3684210526315789
0.3684210526315789
0.631578947368421
0.3684210526315789
0.3684210526315789
0.3684210526315789
0.631578947368421
0.3684210526315789
0.631578947368421
0.631578947368421
0.3684210526315789
0.631578947368421
0.3684210526315789
0.631578947368421
0.631578947368421
0.631578947368421
0.631578947368421
0.631578947368421
0.3684210526315789
0.631578947368421
0.3684210526315789
0.3684210526315789
0.3684210526315789
0.3684210526315789
0.3684210526315789
0.631578947368421
0.3684210526315789
0.3684210526315789
0.3684210526315789
0.3684210526315789
0.3684210526315789
0.3684210526315789
0.3684210526315789
0.3684210526315789
0.631578947368421
0.3684210526315789
0.631578947368421
0.6578947368421053
0.631578947368421
0.7982456140350878
0.3684210526315789
0.3684210526315789
0.3684210526315789
0.631578947368421
0.631578947368421
0.631578947368421
0.631578947368421
0.631578947368421
0.3684210526315789
0.3684210526315789
0.3684210526315789
0.631578947368421
0.631578947368421
0.3684210526315789
0.3684210526315789
0.631578947368421
0.631578947368421
0.631578947368421
0.3684210526315789
0.631578947368421
0.3684210526315789
0.3684210526315789
0.3684210526315789
0.631578947368421
0.3684210526315789
0.3684210526315789
0.7105263157894737
0.3684210526315789
0.631578947368421
0.3684210526315789
0.631578947368421
0.631578947368421
0.3684210526315789
0.631578947368421
0.631578947368421
0.631578947368421
0.3684210526315789
0.3684210526315789
0.631578947368421
0.631578947368421
0.631578947368421
0.3684210526315789
0.3684210526315789
0.631578947368421
0.7192982456140351
0.3684210526315789
0.631578947368421
0.3684210526315789
0.3684210526315789
0.7192982456140351
0.631578947368421
0.631578947368421
0.3684210526315789
0.3684210526315789
0.631578947368421
0.3684210526315789
0.40350877192982454
0.3684210526315789
0.631578947368421
0.3684210526315789
0.631578947368421
0.3684210526315789
0.6491228070175439
0.3684210526315789
0.3684210526315789
0.631578947368421
0.3684210526315789
0.3684210526315789
0.3684210526315789
0.3684210526315789
0.3684210526315789
0.3684210526315789
0.3684210526315789
0.3684210526315789
0.3684210526315789
0.631578947368421
0.631578947368421
0.3684210526315789
0.3684210526315789
0.3684210526315789
0.3684210526315789
0.631578947368421
0.3684210526315789
0.631578947368421
0.3684210526315789
0.3684210526315789
0.3684210526315789
0.3684210526315789
0.3684210526315789
0.3684210526315789
0.3684210526315789
0.631578947368421
0.3684210526315789
0.631578947368421
0.3684210526315789
0.3684210526315789
0.3684210526315789
0.631578947368421
0.3684210526315789
0.3684210526315789
0.631578947368421
0.17543859649122806
0.3684210526315789
0.3684210526315789
0.3684210526315789
0.3684210526315789
0.631578947368421
0.3684210526315789
0.3684210526315789
0.631578947368421
0.3684210526315789
0.3684210526315789
0.631578947368421
0.631578947368421
0.631578947368421
0.3684210526315789
0.631578947368421
0.3684210526315789
0.631578947368421
0.3684210526315789
0.3684210526315789
0.3684210526315789
0.35964912280701755
0.3684210526315789
0.631578947368421
0.631578947368421
0.3684210526315789
0.631578947368421
0.3684210526315789
0.631578947368421
0.631578947368421
0.3684210526315789
0.3684210526315789
0.3684210526315789
0.3684210526315789
0.3684210526315789
0.3684210526315789
0.631578947368421
0.631578947368421
0.3684210526315789
0.631578947368421
0.3684210526315789
0.7192982456140351
0.3684210526315789
0.631578947368421
0.3684210526315789
0.3684210526315789
0.3684210526315789
0.3684210526315789
0.3684210526315789
0.3684210526315789
0.3684210526315789
0.3684210526315789
0.3684210526315789
0.3684210526315789
0.3684210526315789
0.3684210526315789
0.3684210526315789
0.3684210526315789
0.631578947368421
0.3684210526315789
0.631578947368421
0.3684210526315789
0.3684210526315789
0.3684210526315789
0.631578947368421
0.631578947368421
0.3684210526315789
0.3684210526315789
0.631578947368421
0.631578947368421
0.3684210526315789
0.631578947368421
0.3684210526315789
0.3684210526315789
0.631578947368421
0.631578947368421
0.3684210526315789
0.3684210526315789
0.631578947368421
0.3684210526315789
0.3684210526315789
0.3684210526315789
0.631578947368421
0.3684210526315789
0.3684210526315789
0.3684210526315789
0.631578947368421
0.3684210526315789
0.631578947368421
0.631578947368421
0.3684210526315789
0.631578947368421
0.631578947368421
0.3684210526315789
0.3684210526315789
0.3684210526315789
0.37719298245614036
0.631578947368421
0.3684210526315789
0.3684210526315789
0.3684210526315789
0.631578947368421
0.7105263157894737
0.631578947368421
0.3684210526315789
0.8421052631578947
0.3684210526315789
0.3684210526315789
0.3684210526315789
0.3684210526315789
0.631578947368421
0.631578947368421
0.3684210526315789
0.3684210526315789
0.3684210526315789
0.3684210526315789
0.631578947368421
0.3684210526315789
0.3684210526315789
0.3684210526315789
0.631578947368421
0.3684210526315789
0.3684210526315789
0.3684210526315789
0.3684210526315789
0.631578947368421
0.3684210526315789
0.631578947368421
0.3684210526315789
0.3684210526315789
0.3684210526315789
0.3684210526315789
0.631578947368421
0.3684210526315789
0.631578947368421
0.6578947368421053
0.631578947368421
0.631578947368421
0.3684210526315789
0.631578947368421
0.6403508771929824
0.3684210526315789
0.3684210526315789
0.3684210526315789
0.3684210526315789
0.631578947368421
0.631578947368421
0.3684210526315789
0.3684210526315789
0.631578947368421
0.3684210526315789
0.631578947368421
0.3684210526315789
0.3684210526315789
0.3684210526315789
0.3684210526315789
0.3684210526315789
0.3684210526315789
0.3684210526315789
0.631578947368421
0.3684210526315789
0.631578947368421
0.3684210526315789
0.631578947368421
0.3684210526315789
0.3684210526315789
0.3684210526315789
0.631578947368421
0.631578947368421
0.3508771929824561
0.3684210526315789
0.631578947368421
0.3684210526315789
0.3684210526315789
0.3684210526315789
0.3684210526315789
0.3684210526315789
0.3684210526315789
0.3684210526315789
0.3684210526315789
0.3684210526315789
0.631578947368421
0.3684210526315789
0.631578947368421
0.631578947368421
0.631578947368421
0.631578947368421
0.3684210526315789
0.631578947368421
0.8333333333333334
0.631578947368421
0.3684210526315789
0.631578947368421
0.631578947368421
0.3684210526315789
0.631578947368421
0.631578947368421
0.3684210526315789
0.3684210526315789
0.631578947368421
0.631578947368421
0.631578947368421
0.6754385964912281
0.3684210526315789
0.631578947368421
0.3684210526315789
0.631578947368421
0.3684210526315789
0.3684210526315789
0.631578947368421
0.3684210526315789
0.6403508771929824
0.3684210526315789
0.631578947368421
0.631578947368421
0.3684210526315789
0.3684210526315789
0.631578947368421
0.631578947368421
0.3684210526315789
0.631578947368421
0.3684210526315789
0.3684210526315789
0.3684210526315789
0.3684210526315789
0.3684210526315789
0.3684210526315789
0.631578947368421
0.3684210526315789
0.631578947368421
0.3684210526315789
0.631578947368421
0.631578947368421
0.3684210526315789
0.631578947368421
0.631578947368421
0.3684210526315789
0.631578947368421
0.3684210526315789
0.3684210526315789
0.3684210526315789
0.3684210526315789
0.631578947368421
0.3684210526315789
0.3684210526315789
0.3684210526315789
0.3684210526315789
0.3684210526315789
0.3684210526315789
0.3684210526315789
0.3684210526315789
0.3684210526315789
0.631578947368421
0.631578947368421
0.631578947368421
0.631578947368421
0.3684210526315789
0.3684210526315789
0.3684210526315789
0.3684210526315789
0.9035087719298246
0.631578947368421
0.3684210526315789
0.3684210526315789
0.3684210526315789
0.631578947368421
0.3684210526315789
0.631578947368421
0.3684210526315789
0.631578947368421
0.3684210526315789
0.631578947368421
0.631578947368421
0.631578947368421
0.631578947368421
0.3684210526315789
0.3684210526315789
0.3684210526315789
0.3684210526315789
0.3684210526315789
0.3684210526315789
0.3684210526315789
0.631578947368421
