0.0002152598462998867 2.4020904675126076e-05 2.5150831788778305e-05
0.0001735920086503029 2.4090055376291275e-05 2.10499856621027e-05
0.0002238720189779997 2.2775959223508835e-05 2.2126128897070885e-05
0.006369870156049728 2.2283056750893593e-05 2.015894278883934e-05
0.0002946760505437851 2.9133865609765053e-05 2.5603920221328735e-05
0.0027731419540941715 3.0372990295290947e-05 2.5170855224132538e-05
0.0004828530363738537 3.156205639243126e-05 2.7671921998262405e-05
0.0005508710164576769 3.1182775273919106e-05 2.6493100449442863e-05
0.00013980898074805737 2.3761996999382973e-05 2.0890962332487106e-05
0.00026336684823036194 2.308608964085579e-05 2.1308893337845802e-05
0.000503120943903923 2.9804883524775505e-05 2.936599776148796e-05
0.0002673680428415537 2.798205241560936e-05 2.7013011276721954e-05
0.00025804596953094006 2.5660032406449318e-05 2.3505883291363716e-05
0.0015759060624986887 2.295011654496193e-05 2.2750115022063255e-05
0.0020205038599669933 3.022397868335247e-05 2.952897921204567e-05
0.0003798829857259989 2.2168969735503197e-05 2.3609958589076996e-05
0.00026899809017777443 2.4039996787905693e-05 2.3881904780864716e-05
0.00018695183098316193 2.2567808628082275e-05 2.1931016817688942e-05
0.00018544006161391735 2.4653039872646332e-05 2.3220200091600418e-05
0.0002567870542407036 2.5416025891900063e-05 2.4701934307813644e-05
0.0004766560159623623 2.3878877982497215e-05 2.242298796772957e-05
0.0004612728953361511 2.280808985233307e-05 2.388283610343933e-05
0.000213355990126729 2.0529143512248993e-05 2.471008338034153e-05
0.0005173021927475929 3.147986717522144e-05 2.6619993150234222e-05
0.0023032589815557003 2.4899840354919434e-05 2.419506199657917e-05
0.00016950792632997036 2.3215077817440033e-05 2.3036031052470207e-05
0.0003927189391106367 2.4282140657305717e-05 2.1955929696559906e-05
0.0004621699918061495 2.3833010345697403e-05 2.4085864424705505e-05
0.00040399585850536823 2.4377834051847458e-05 2.447608858346939e-05
0.0005672161933034658 2.3082830011844635e-05 2.249889075756073e-05
0.00020069698803126812 2.0928215235471725e-05 2.1798070520162582e-05
0.00026177801191806793 2.417992800474167e-05 2.2921012714505196e-05
0.00042001716792583466 2.5221146643161774e-05 2.298690378665924e-05
0.00022230995818972588 2.401997335255146e-05 2.446095459163189e-05
0.00019482499919831753 2.2849999368190765e-05 2.3316126316785812e-05
0.0001750520896166563 2.3327069357037544e-05 1.9741011783480644e-05
0.00041662203148007393 2.665002830326557e-05 2.3153144866228104e-05
0.0003760969266295433 2.1563144400715828e-05 2.2692140191793442e-05
0.00015885592438280582 2.316012978553772e-05 2.3434869945049286e-05
0.0004147461149841547 2.5759916752576828e-05 2.133101224899292e-05
0.0005036389920860529 2.9837945476174355e-05 2.8277048841118813e-05
0.0002703429199755192 2.2981083020567894e-05 2.4333130568265915e-05
0.0003795658703893423 2.2982945665717125e-05 2.2764084860682487e-05
0.00021589803509414196 2.3348024114966393e-05 2.3449072614312172e-05
0.00022156909108161926 2.2060004994273186e-05 2.261088229715824e-05
0.0003956230357289314 2.1521002054214478e-05 2.089003100991249e-05
0.00020580017007887363 2.2374093532562256e-05 2.2313091903924942e-05
0.00018588406965136528 2.278410829603672e-05 2.3239990696310997e-05
0.007093252148479223 2.632010728120804e-05 2.397899515926838e-05
0.0003770841285586357 2.1869083866477013e-05 2.1816929802298546e-05
0.00025767087936401367 2.2845109924674034e-05 2.139294520020485e-05
0.0004024761728942394 1.622806303203106e-05 2.226792275905609e-05
0.00031734094955027103 2.359692007303238e-05 2.3321015760302544e-05
0.0013759380672127008 2.28038989007473e-05 2.268003299832344e-05
0.0003788569010794163 2.216384746134281e-05 2.084299921989441e-05
0.00039909803308546543 2.3254891857504845e-05 1.874798908829689e-05
0.0026820979546755552 2.9104994609951973e-05 3.256509080529213e-05
0.0002779948990792036 2.423906698822975e-05 2.3921020328998566e-05
0.00041646091267466545 2.3470958694815636e-05 2.294406294822693e-05
0.0003959799651056528 2.3437896743416786e-05 2.1804124116897583e-05
0.00043613300658762455 2.405606210231781e-05 2.188398502767086e-05
0.0001887108664959669 2.972688525915146e-05 2.8406968340277672e-05
0.00017233192920684814 2.943398430943489e-05 2.9919901862740517e-05
0.0005583800375461578 3.376300446689129e-05 2.764700911939144e-05
0.001780688064172864 2.837204374372959e-05 2.725096419453621e-05
0.0003186760004609823 2.516503445804119e-05 2.602115273475647e-05
0.00043548899702727795 2.8036069124937057e-05 2.6505906134843826e-05
0.00019190995953977108 2.8691021725535393e-05 2.7182046324014664e-05
0.00036388495936989784 2.1722866222262383e-05 2.301810309290886e-05
0.00018474203534424305 2.202298492193222e-05 1.9724015146493912e-05
0.005186219001188874 2.4368055164813995e-05 2.2937078028917313e-05
0.00038831494748592377 2.5402987375855446e-05 2.423906698822975e-05
0.00040499912574887276 2.095801755785942e-05 2.27498821914196e-05
0.00021935091353952885 2.4954089894890785e-05 2.3063039407134056e-05
0.0003823621664196253 2.4707987904548645e-05 2.316199243068695e-05
0.00028389599174261093 2.511497586965561e-05 2.2215070202946663e-05
0.0004374368581920862 2.4945009499788284e-05 2.008792944252491e-05
0.00014224089682102203 2.332194708287716e-05 2.288096584379673e-05
0.00013936893083155155 2.42600217461586e-05 2.3622997105121613e-05
0.00027753598988056183 2.5655841454863548e-05 2.3913802579045296e-05
0.01190719404257834 2.4924054741859436e-05 2.326909452676773e-05
0.0001353551633656025 2.3931963369250298e-05 2.1188054233789444e-05
0.010220192139968276 1.979013904929161e-05 2.359692007303238e-05
0.005123340059071779 2.3619970306754112e-05 2.312404103577137e-05
0.0047195591032505035 2.3782020434737206e-05 2.2392021492123604e-05
0.0025836739223450422 2.629309892654419e-05 2.4113105610013008e-05
0.0003658819478005171 2.466607838869095e-05 2.2418098524212837e-05
0.0001958608627319336 2.4363165721297264e-05 2.1887943148612976e-05
0.0002537388354539871 2.4376902729272842e-05 2.3570843040943146e-05
0.0001512588933110237 2.2830907255411148e-05 2.2718915715813637e-05
0.00043372507207095623 2.292613498866558e-05 2.291100099682808e-05
0.00046390900388360023 2.3619970306754112e-05 2.4645822122693062e-05
0.0002181569579988718 2.2673048079013824e-05 2.291216515004635e-05
0.0037433779798448086 2.3526139557361603e-05 2.49519944190979e-05
0.00024639186449348927 2.3500993847846985e-05 2.2492138668894768e-05
0.00030442397110164165 2.3943139240145683e-05 2.1050218492746353e-05
0.0001604030840098858 2.5105196982622147e-05 2.1609943360090256e-05
0.0004275101236999035 2.3602042347192764e-05 2.0594103261828423e-05
0.0001777589786797762 2.523604780435562e-05 2.504396252334118e-05
0.00023025786504149437 2.301693893969059e-05 2.4799024686217308e-05
0.011033385992050171 5.207187496125698e-05 4.546996206045151e-05
0.0005402951501309872 5.787797272205353e-05 4.9717025831341743e-05
0.0005380711518228054 5.653197877109051e-05 4.6454835683107376e-05
0.0005758190527558327 5.660601891577244e-05 4.248018376529217e-05
0.012614751933142543 5.890708416700363e-05 5.157780833542347e-05
0.021826195064932108 5.34330029040575e-05 4.9448106437921524e-05
0.007716465042904019 5.718506872653961e-05 4.8700952902436256e-05
0.00542795704677701 5.399901419878006e-05 4.8558926209807396e-05
0.0005611409433186054 5.687493830919266e-05 4.5150984078645706e-05
0.002789496909826994 5.491194315254688e-05 4.852795973420143e-05
0.008904890855774283 5.567003972828388e-05 4.9309106543660164e-05
0.024453867925330997 0.004969963105395436 5.431892350316048e-05
0.00047207996249198914 5.7336874306201935e-05 4.555797204375267e-05
0.015427137026563287 5.649589002132416e-05 4.9184076488018036e-05
0.003963134018704295 5.666795186698437e-05 5.3105875849723816e-05
0.002154876943677664 5.4351985454559326e-05 4.973588511347771e-05
0.0026525200810283422 5.67571260035038e-05 4.98408917337656e-05
0.029392603086307645 5.665188655257225e-05 5.4453033953905106e-05
0.02564570284448564 5.7913828641176224e-05 5.389004945755005e-05
0.0026236979756504297 5.687284283339977e-05 4.905695095658302e-05
0.0006230790168046951 5.615781992673874e-05 4.733516834676266e-05
0.009288992965593934 5.680788308382034e-05 4.908489063382149e-05
0.008738653967157006 6.874394603073597e-05 6.369315087795258e-05
0.04120650188997388 6.015016697347164e-05 5.34148421138525e-05
0.0005501089617609978 5.48800453543663e-05 5.005300045013428e-05
0.0007598730735480785 5.412101745605469e-05 5.180900916457176e-05
0.015518662985414267 5.762791261076927e-05 4.9012014642357826e-05
0.0026547040324658155 5.762581713497639e-05 5.158619023859501e-05
0.005654838867485523 5.3573865443468094e-05 5.1279086619615555e-05
0.0005862771067768335 5.836109630763531e-05 4.862109199166298e-05
0.005403156857937574 5.7987868785858154e-05 5.324208177626133e-05
0.000519435852766037 5.510007031261921e-05 5.002086982131004e-05
0.004207370104268193 5.9306155890226364e-05 5.3802039474248886e-05
0.0031200770754367113 6.562098860740662e-05 5.902117118239403e-05
0.0005368220154196024 6.16700854152441e-05 5.651591345667839e-05
0.003148332005366683 5.864701233804226e-05 4.9530062824487686e-05
0.003038079012185335 6.677606143057346e-05 5.8453064411878586e-05
0.009844591841101646 5.897693336009979e-05 5.329493433237076e-05
0.003903360106050968 8.391193114221096e-05 5.8033037930727005e-05
0.0005675340071320534 5.715899169445038e-05 4.8659974709153175e-05
0.03572002402506769 6.762007251381874e-05 6.258790381252766e-05
0.000564557034522295 5.726306699216366e-05 4.744483157992363e-05
0.0006529679521918297 5.2566174417734146e-05 4.74490225315094e-05
0.1382930469699204 5.754316225647926e-05 5.201296880841255e-05
0.0006847458425909281 5.239993333816528e-05 4.828604869544506e-05
0.004210858140140772 5.9815822169184685e-05 4.912889562547207e-05
0.014923762995749712 5.952990613877773e-05 5.612592212855816e-05
0.00886535202153027 5.797692574560642e-05 4.8626912757754326e-05
0.007392050931230187 5.671801045536995e-05 4.74459957331419e-05
0.0019161899108439684 5.887588486075401e-05 4.516914486885071e-05
0.05231988895684481 6.447196938097477e-05 5.307001993060112e-05
0.0005074089858680964 5.1409006118774414e-05 4.592793993651867e-05
0.0030170981772243977 5.932897329330444e-05 5.457783117890358e-05
0.0005224719643592834 5.698995664715767e-05 4.934309981763363e-05
0.016347978031262755 6.034993566572666e-05 5.333195440471172e-05
0.0005603390745818615 5.239900201559067e-05 4.440103657543659e-05
0.00524852704256773 5.459482781589031e-05 5.291309207677841e-05
0.07267696410417557 6.509199738502502e-05 6.380979903042316e-05
0.0035111550241708755 5.637388676404953e-05 5.137803964316845e-05
0.010649184929206967 4.9480004236102104e-05 4.886300303041935e-05
0.0006337170489132404 5.5546872317790985e-05 4.919106140732765e-05
0.012369404081255198 5.869101732969284e-05 5.3159892559051514e-05
0.0026981530245393515 5.9064943343400955e-05 4.9688853323459625e-05
0.0006431129295378923 5.366816185414791e-05 4.6214088797569275e-05
0.0005604720208793879 5.9752026572823524e-05 4.7511886805295944e-05
0.005675769178196788 5.834503099322319e-05 5.448213778436184e-05
0.004988603061065078 5.430402234196663e-05 4.884996451437473e-05
0.0006062521133571863 5.597993731498718e-05 4.5723048970103264e-05
0.003923741867765784 6.097089499235153e-05 4.9408990889787674e-05
0.003229385009035468 5.7440949603915215e-05 5.218805745244026e-05
0.0008184758480638266 5.521089769899845e-05 4.954100586473942e-05
0.0004927569534629583 5.1731010898947716e-05 4.914705641567707e-05
0.0007814038544893265 5.7265860959887505e-05 5.0527043640613556e-05
0.0005000308156013489 5.523208528757095e-05 5.094683729112148e-05
0.23552143294364214 5.794200114905834e-05 5.499785766005516e-05
0.010912510799244046 5.739601328969002e-05 4.7723064199090004e-05
0.002876468002796173 5.8628153055906296e-05 5.2561983466148376e-05
0.0024886338505893946 6.007193587720394e-05 5.017709918320179e-05
0.0006067710928618908 5.292799323797226e-05 4.725996404886246e-05
0.0026294488925486803 5.446118302643299e-05 4.6620145440101624e-05
0.0006726041901856661 5.95881137996912e-05 4.591303877532482e-05
0.007912847213447094 5.7706842198967934e-05 4.704995080828667e-05
0.004244491923600435 5.553197115659714e-05 4.805997014045715e-05
0.0004941800143569708 5.4927077144384384e-05 5.188607610762119e-05
0.0028683620039373636 5.612103268504143e-05 5.046278238296509e-05
0.00048791198059916496 5.768798291683197e-05 4.8029934987425804e-05
0.00911220395937562 5.4934993386268616e-05 4.9925874918699265e-05
0.02419690089300275 6.298813968896866e-05 5.611288361251354e-05
0.0027610398828983307 5.798204801976681e-05 4.84781339764595e-05
0.001864659832790494 5.9317098930478096e-05 4.688883200287819e-05
0.002874865895137191 6.014388054609299e-05 5.067884922027588e-05
0.0005893879570066929 5.533709190785885e-05 4.886114038527012e-05
0.03762513701803982 5.958089604973793e-05 5.356594920158386e-05
0.0005894310306757689 5.763792432844639e-05 4.900386556982994e-05
0.0228241509757936 6.002001464366913e-05 5.126115866005421e-05
0.0026226250920444727 5.284487269818783e-05 4.867906682193279e-05
0.0005518288817256689 5.4091913625597954e-05 4.707789048552513e-05
0.0005240868777036667 5.410797894001007e-05 4.567601718008518e-05
0.002666834043338895 6.225798279047012e-05 5.0309114158153534e-05
0.008482596836984158 5.949288606643677e-05 5.570892244577408e-05
0.03259483398869634 9.62880440056324e-05 8.094706572592258e-05
0.008833199040964246 8.33519734442234e-05 7.152091711759567e-05
0.1954800020903349 9.938888251781464e-05 0.004961413098499179
0.010535049019381404 9.628292173147202e-05 7.783412002027035e-05
0.0043408439960330725 9.449897333979607e-05 8.250586688518524e-05
0.0018519239965826273 9.950995445251465e-05 8.28281044960022e-05
0.01798084587790072 9.025703184306622e-05 7.662386633455753e-05
0.01879298291169107 8.523487485945225e-05 7.798615843057632e-05
0.7310038071591407 9.555090218782425e-05 8.041807450354099e-05
0.004549063043668866 9.969202801585197e-05 8.219992741942406e-05
0.13522620894946158 9.78400930762291e-05 8.344999514520168e-05
0.006357799982652068 9.519397281110287e-05 8.076708763837814e-05
0.004269326105713844 9.565404616296291e-05 7.879198528826237e-05
2.124939383007586 0.00010118912905454636 7.978198118507862e-05
0.0853317801374942 8.957809768617153e-05 7.956894114613533e-05
0.011775882914662361 8.984096348285675e-05 8.620601147413254e-05
0.0007437311578541994 9.489897638559341e-05 7.421895861625671e-05
1.4090115560684353 0.00010236888192594051 9.290012530982494e-05
0.0008068529423326254 8.82069580256939e-05 7.931096479296684e-05
0.01607700204476714 0.00010212394408881664 8.31440556794405e-05
0.0006732388865202665 9.934604167938232e-05 8.06138850748539e-05
0.0008683779742568731 9.663891978561878e-05 8.073495700955391e-05
0.003684104885905981 9.482097811996937e-05 7.45370052754879e-05
0.0006288241129368544 9.565684013068676e-05 0.005016729002818465
0.0038472239393740892 8.607585914433002e-05 7.504294626414776e-05
0.000798041932284832 9.489897638559341e-05 7.816404104232788e-05
0.4295893581584096 9.811087511479855e-05 8.080899715423584e-05
0.0008841629605740309 9.72570851445198e-05 7.78520479798317e-05
0.2235680080484599 9.969295933842659e-05 8.184602484107018e-05
0.004166078986600041 9.291199967265129e-05 7.773307152092457e-05
1.411229191115126 0.00010522780939936638 8.677900768816471e-05
0.04172863089479506 9.577302262187004e-05 8.500018157064915e-05
1.369287844048813 0.005059852031990886 8.451007306575775e-05
0.01366991805844009 9.323493577539921e-05 8.474988862872124e-05
0.010810995008796453 8.635385893285275e-05 7.914402522146702e-05
0.002048105001449585 0.00010173884220421314 8.243881165981293e-05
0.8773623779416084 0.00010564387775957584 9.558605961501598e-05
0.0009374460205435753 9.496812708675861e-05 7.547205314040184e-05
0.655020979931578 9.972788393497467e-05 8.407584391534328e-05
0.0008027139119803905 9.345193393528461e-05 8.232309482991695e-05
0.009148670127615333 9.90619882941246e-05 8.29880591481924e-05
0.00395119097083807 9.183399379253387e-05 7.153302431106567e-05
0.9514822890050709 0.00010159192606806755 8.055591024458408e-05
0.0031789601780474186 0.00010382686741650105 8.093100041151047e-05
0.048154718009755015 0.00011279294267296791 0.00010522804223001003
0.0009495120029896498 0.00012014596723020077 9.890296496450901e-05
1.3839387688785791 9.657908231019974e-05 8.329306729137897e-05
0.0007634200155735016 9.573390707373619e-05 8.140504360198975e-05
0.0028890040703117847 8.968380279839039e-05 7.38450326025486e-05
0.2282646878156811 9.472295641899109e-05 8.336990140378475e-05
0.0008510390762239695 9.414087980985641e-05 7.929513230919838e-05
1.6682734431233257 9.93628054857254e-05 8.593103848397732e-05
0.007915888912975788 0.00010387715883553028 8.703605271875858e-05
0.0007812830153852701 9.78340394794941e-05 8.177803829312325e-05
0.05360911902971566 0.00010189111344516277 8.748588152229786e-05
0.012520838994532824 0.00011024298146367073 8.47389455884695e-05
0.0030223450157791376 8.723698556423187e-05 0.005023414036259055
0.0037363620940595865 9.20968595892191e-05 7.2825001552701e-05
1.0764501488301903 0.00010246015153825283 8.813804015517235e-05
0.001980745932087302 9.619817137718201e-05 7.920106872916222e-05
0.0008923041168600321 9.969808161258698e-05 8.526886813342571e-05
0.0007115509361028671 9.002885781228542e-05 7.778988219797611e-05
0.3210198648739606 0.00010151905007660389 7.874192669987679e-05
0.0020185939501971006 9.693484753370285e-05 7.91400671005249e-05
0.0008090350311249495 9.197811596095562e-05 7.65109434723854e-05
0.0009457201231271029 9.411596693098545e-05 7.52410851418972e-05
0.0008185768965631723 9.55839641392231e-05 7.771304808557034e-05
0.018205327913165092 8.835317566990852e-05 7.620383985340595e-05
1.2707267238292843 9.829597547650337e-05 8.73650424182415e-05
0.004735321970656514 9.605684317648411e-05 8.138199336826801e-05
0.7839359890203923 0.00010235491208732128 8.235895074903965e-05
0.0033383360132575035 8.955108933150768e-05 7.829489186406136e-05
0.09971572598442435 9.587104432284832e-05 8.323905058205128e-05
0.021301673026755452 9.251292794942856e-05 8.259201422333717e-05
0.01717211096547544 9.972788393497467e-05 7.824902422726154e-05
0.004033065168187022 9.294296614825726e-05 8.056988008320332e-05
0.021173623856157064 9.27560031414032e-05 8.300482295453548e-05
1.3109389441087842 9.769410826265812e-05 8.736108429729939e-05
0.0006467641796916723 0.00010121404193341732 0.0049607581458985806
0.2735677808523178 9.871390648186207e-05 8.98290891200304e-05
0.012114615878090262 9.863008745014668e-05 8.13330989331007e-05
0.00872410787269473 8.883513510227203e-05 7.234793156385422e-05
0.012246495112776756 9.887199848890305e-05 9.421119466423988e-05
0.01089932001195848 9.52049158513546e-05 8.116406388580799e-05
0.01129085710272193 0.0001004489604383707 8.271285332739353e-05
0.0007458950858563185 9.481701999902725e-05 7.547088898718357e-05
0.0008685609791427851 9.844708256423473e-05 7.781293243169785e-05
0.6753298828843981 0.00010394398123025894 8.335779421031475e-05
0.03044470795430243 9.858212433755398e-05 7.839198224246502e-05
0.007818144978955388 9.677093476057053e-05 8.132308721542358e-05
0.06511946697719395 9.09450463950634e-05 8.06169118732214e-05
1.0488637438975275 0.00010559498332440853 8.761603385210037e-05
0.0023754509165883064 8.82558524608612e-05 7.709907367825508e-05
0.3716214180458337 9.646313264966011e-05 8.017499931156635e-05
2.3036984668578953 9.43958293646574e-05 8.681905455887318e-05
0.008185586892068386 9.632017463445663e-05 7.464597001671791e-05
0.017629211070016026 9.747594594955444e-05 7.575703784823418e-05
0.0009328110609203577 8.870498277246952e-05 7.216911762952805e-05
1.5883561898954213 9.473389945924282e-05 8.154194802045822e-05
0.27695237984880805 9.26838256418705e-05 8.474313654005527e-05
0.0010274259839206934 0.00014658714644610882 0.0001111980527639389
0.0009102360345423222 0.00014199409633874893 0.00010399497114121914
0.34407158801332116 0.00015886500477790833 0.00012524216435849667
0.0008208679500967264 0.00014921696856617928 0.00011348910629749298
0.5256462409161031 0.0001712520606815815 0.0001280789729207754
4.7102932499255985 0.00015086005441844463 0.00011521903797984123
0.0012488039210438728 0.00014026183634996414 0.00010779290460050106
4.31455815397203 0.00013911700807511806 0.00012127310037612915
0.0008224309422075748 0.00014229095540940762 0.00010994100011885166
0.006185106001794338 0.00013789604417979717 0.000115192960947752
1.4071488769259304 0.00021323398686945438 0.0001699468120932579
0.9206317069474608 0.00015328009612858295 0.00011681206524372101
0.03483537188731134 0.0001488358248025179 0.00012200698256492615
0.011519897961989045 0.005029428983107209 0.00011656316928565502
1.0977664531674236 0.00013804901391267776 0.00011121900752186775
1.7738560470752418 0.0001411701086908579 0.00012299581430852413
0.13102602493017912 0.00014960486441850662 0.00011856597848236561
0.020952363964170218 0.00015016808174550533 0.00012665498070418835
2.2791794780641794 0.0001506269909441471 0.00012236600741744041
2.2427466509398073 0.0001593481283634901 0.00012346496805548668
0.0050069408025592566 0.00014764908701181412 0.00011727097444236279
1.1142398489173502 0.00014032097533345222 0.00011945096775889397
0.0009850310161709785 0.00015170383267104626 0.00011721090413630009
1.0669458189513534 0.0001526540145277977 0.00012161489576101303
1.2571334030944854 0.00014481483958661556 0.00011820392683148384
2.2527979910373688 0.00015636906027793884 0.000120911980047822
0.013146859128028154 0.00014676316641271114 0.00011604605242609978
2.7953413049690425 0.00013973703607916832 0.00011832104064524174
0.005606073886156082 0.0001364119816571474 0.00010973797179758549
1.6119309458881617 0.00015185796655714512 0.00012063002213835716
3.710055938921869 0.00015015201643109322 0.00011592591181397438
0.008620372042059898 0.00014663301408290863 0.00011010700836777687
1.7953624229412526 0.0001455692108720541 0.00011494895443320274
1.6127088409848511 0.000151502201333642 0.00011798995546996593
0.2599887659307569 0.0001462490763515234 0.00012107496149837971
0.0013358539436012506 0.0001482830848544836 0.00011552590876817703
1.5650836809072644 0.00014568702317774296 0.00012142001651227474
0.01123187504708767 0.00015075108967721462 0.00011558691039681435
0.004966302076354623 0.00014294800348579884 0.00012042210437357426
1.9099887490738183 0.00013754703104496002 0.00012438581325113773
0.0032104630954563618 0.0001422320492565632 0.00011293287388980389
1.1788003949914128 0.00014999904669821262 0.00012555904686450958
0.004742804914712906 0.00014281715266406536 0.00012252386659383774
1.1933387618046254 0.00014777295291423798 0.00011992803774774075
0.00253464188426733 0.00014019105583429337 0.00011622300371527672
1.303591551957652 0.0001463429071009159 0.0001170281320810318
0.0008340107742697 0.00014781998470425606 0.00011730589903891087
0.09210099093616009 0.0001482891384512186 0.00012436695396900177
5.6060900709126145 0.00014664302580058575 0.00012136599980294704
0.2962596109136939 0.0001550540328025818 0.00011987285688519478
1.075070277787745 0.0001522321254014969 0.0001231089700013399
0.49044442689046264 0.00014343601651489735 0.0001249548513442278
0.00745987007394433 0.00015039416030049324 0.00011491915211081505
0.003513529896736145 0.00014422996900975704 0.00011474313214421272
0.1190583270508796 0.0001798081211745739 0.00014529679901897907
0.11872395290993154 0.00018621189519762993 0.00014878110960125923
0.03724053595215082 0.0001405810471624136 0.00011693011038005352
6.8442288688384 0.00014331191778182983 0.0001220491249114275
0.951385694090277 0.00015114597044885159 0.00012253993190824986
0.0007788080256432295 0.00014371797442436218 0.00011254195123910904
0.0033880630508065224 0.00013896613381803036 0.0001052110455930233
1.2522612831089646 0.00014791404828429222 0.00012032408267259598
0.13309254008345306 0.0001414329744875431 0.00011683604680001736
1.6430805039126426 0.00014256895519793034 0.00012167799286544323
0.004827399039641023 0.00014653103426098824 0.00010836590081453323
0.0009579211473464966 0.000136182876303792 0.00010984600521624088
0.2648938170168549 0.00015087402425706387 0.00012437906116247177
1.7719565220177174 0.00015153293497860432 0.00011932104825973511
1.3894171630963683 0.00015379395335912704 0.00012270594015717506
3.649240563157946 0.00013691489584743977 0.00011863699182868004
0.011724794982001185 0.0001478530466556549 0.0001203310675919056
2.2835798889864236 0.00015298998914659023 0.00012295483611524105
0.0011344929225742817 0.0001475790049880743 0.00011657504364848137
0.013434573076665401 0.0001437950413674116 0.00010707206092774868
2.3537895530462265 0.00015644915401935577 0.00012060906738042831
6.103164134081453 0.00014998787082731724 0.00012844987213611603
1.379798759939149 0.00015002302825450897 0.00011813105084002018
0.0016083228401839733 0.00014951499179005623 0.025086278095841408
0.00850924989208579 0.00014601205475628376 0.00011837109923362732
0.006076555931940675 0.0001947509590536356 0.0001475850585848093
0.003531194059178233 0.00015062489546835423 0.005066779209300876
0.006964085856452584 0.00012778304517269135 0.00010871211998164654
0.02496006991714239 0.0001439950428903103 0.00011536898091435432
0.0009531499817967415 0.00017888913862407207 0.00014534499496221542
0.13409800501540303 0.00013260706327855587 0.00011531589552760124
0.0007482289802283049 0.00014558108523488045 0.0001190858893096447
2.158577614929527 0.00014809705317020416 0.00012034201063215733
0.8242244480643421 0.00015691504813730717 0.00011311005800962448
0.8333110839594156 0.0001501420047134161 0.0001288452185690403
1.15396637795493 0.00014034402556717396 0.00011080107651650906
0.004522633971646428 0.00013249297626316547 0.00010688789188861847
1.2794687980785966 0.0001342690084129572 0.00011289888061583042
0.0045650729443877935 0.00015353201888501644 0.00011622393503785133
0.0007115670014172792 0.00015702098608016968 0.00011353613808751106
0.00910342880524695 0.0001517990604043007 0.00011387607082724571
0.8830765900202096 0.00013851793482899666 0.0001121631357818842
0.9448433120269328 0.00014109606854617596 0.00011636991985142231
0.031617769971489906 0.00014032796025276184 0.00010849698446691036
31.368311145808548 0.00014264392666518688 0.00012019718997180462
2.4261499468702823 0.00015705102123320103 0.00011971290223300457
1.2400686680339277 0.00020390399731695652 0.0001690771896392107
0.11498944810591638 0.0002054490614682436 0.00016483105719089508
4.825795168057084 0.00021145795471966267 0.00015919888392090797
3.5924981210846454 0.00019783107563853264 0.000155705027282238
0.003921748837456107 0.0002154288813471794 0.0001539960503578186
1.1201651750598103 0.000150986947119236 0.00011935015209019184
85.91835344419815 0.00021234992891550064 0.0001682550646364689
1.014194583054632 0.0002046849112957716 0.00016266503371298313
0.011065140133723617 0.00019571813754737377 0.00015172897838056087
0.019427808932960033 0.00021116086281836033 0.0001494227908551693
1.0881490481551737 0.00020392006263136864 0.00015521515160799026
1.2567194311413914 0.00019864202477037907 0.00016264896839857101
0.0012687011621892452 0.0001918331254273653 0.00014627794735133648
1.5290892759803683 0.0002028411254286766 0.00016266503371298313
1.7831950848922133 0.005117333959788084 0.00016497308388352394
2.1485104851890355 0.000202287919819355 0.00015645381063222885
0.009197443956509233 0.00018478510901331902 0.00015374412760138512
0.10393320699222386 0.010096278041601181 0.000151732936501503
0.0013222668785601854 0.00019755703397095203 0.00016178120858967304
6.949326812988147 0.00023754709400236607 0.0001943330280482769
4.515672960085794 0.007271287031471729 0.00019869208335876465
1.7425293771084398 0.00021295691840350628 0.00016815587878227234
0.007857936900109053 0.00020662997849285603 0.00015117810107767582
3.551613654009998 0.00020994804799556732 0.00016770302318036556
1.2663902370259166 0.00019276817329227924 0.00017049303278326988
0.9458794558886439 0.00020803720690310001 0.00015473202802240849
4.085782982874662 0.0002008071169257164 0.0001581530086696148
0.004750082036480308 0.0002101338468492031 0.0001609749160706997
1.794681573053822 0.0002104640007019043 0.00016209413297474384
0.07108561415225267 0.0002044709399342537 0.00016160006634891033
0.06891868100501597 0.0002016439102590084 0.00015139486640691757
2.4486580409575254 0.00019489601254463196 0.00015540700405836105
3.035542745143175 0.00019879196770489216 0.00015522888861596584
4.840774264186621 0.0002145760226994753 0.00016335700638592243
0.0015559629537165165 0.0001953369937837124 0.00015104003250598907
0.00399964302778244 0.0002056090161204338 0.00014618108980357647
0.0028187930583953857 0.000210505910217762 0.00015838583931326866
2.3459332501515746 0.0001961591187864542 0.0001558121293783188
1.9900660410057753 0.00024364516139030457 0.00018469803035259247
0.03483823989517987 0.00023090699687600136 0.00015755393542349339
0.0010515439789742231 0.0002012108452618122 0.00015310593880712986
0.009316504001617432 0.00021097296848893166 0.00015894416719675064
1.6994918789714575 0.00022247503511607647 0.00015982682816684246
3.1046554220374674 0.00020323507487773895 0.00015998398885130882
0.0023015649057924747 0.00020751799456775188 0.00015610200352966785
3.6370481580961496 0.0002454060595482588 0.00018570804968476295
3.0191883689258248 0.00020150491036474705 0.00016349204815924168
0.006578145083039999 0.0002054218202829361 0.00014770100824534893
2.167519079055637 0.00019981106743216515 0.00016555003821849823
1.05117960087955 0.00020780996419489384 0.00015097111463546753
1.2731438379269093 0.00021388288587331772 0.0001631230115890503
1.252687444910407 0.0002090169582515955 0.0001670198980718851
0.06287674489431083 0.00021412107162177563 0.00016409903764724731
1.873971187043935 0.00020520808175206184 0.00015471107326447964
1.0805224280338734 0.00026810308918356895 0.0002032560296356678
0.020695216953754425 0.00021261791698634624 0.0001546451821923256
1.5492326479870826 0.00021231500431895256 0.00016284501180052757
6.627052132040262 0.00020606792531907558 0.00017160805873572826
0.001325002172961831 0.00021119508892297745 0.00015888898633420467
0.003974095918238163 0.00020867493003606796 0.00014501693658530712
0.004221862182021141 0.00019508902914822102 0.0001534069888293743
4.336340936133638 0.00021137692965567112 0.00015497789718210697
1.8253106051124632 0.0001912890002131462 0.00016765506006777287
6.366028525866568 0.00020511401817202568 0.00016652210615575314
2.9085932159796357 0.00020466512069106102 0.00016257795505225658
10.898773869965225 0.0001938131172209978 0.00016481103375554085
1.5607943029608577 0.0002056499943137169 0.00016904901713132858
0.0013506459072232246 0.00019970699213445187 0.010010029887780547
0.1693169679492712 0.00019908184185624123 0.00015326985158026218
0.0010861780028790236 0.0002012951299548149 0.00015832297503948212
0.009480657987296581 0.00019224290736019611 0.00015225308015942574
0.46009509614668787 0.00023104692809283733 0.0001652019564062357
1.8759391729254276 0.00020123389549553394 0.0001713060773909092
0.8131283978000283 0.0002099289558827877 0.00016902899369597435
1.2740354160778224 0.00020788796246051788 0.00016200216487050056
3.282680399948731 0.0002041079569607973 0.00016384106129407883
1.6430463700089604 0.00020338711328804493 0.00016101705841720104
1.417250060942024 0.00019934121519327164 0.0001565439160913229
2.948885977966711 0.00020719598978757858 0.00016939081251621246
0.0047883710358291864 0.0002106018364429474 0.00015480699948966503
0.0009349270258098841 0.0001918659545481205 0.00015425588935613632
4.493841226911172 0.00020913779735565186 0.00016803806647658348
2.3021686831489205 0.00020813499577343464 0.00015885615721344948
0.0073990789242088795 0.00019212206825613976 0.0001514109317213297
1.0688989621121436 0.00021067308261990547 0.00015977793373167515
0.009585821069777012 0.00021312804892659187 0.0001449580304324627
1.1907164021395147 0.00019594794139266014 0.0001564410049468279
2.021290009142831 0.000211257953196764 0.00016673794016242027
0.007320309057831764 0.0001994140911847353 0.00014321203343570232
0.7768012941814959 0.00024346401914954185 0.00018953089602291584
88.16914833080955 0.0002266459632664919 0.00017217802815139294
0.016164046013727784 0.0002102081198245287 0.00016166199930012226
3.6610608431510627 0.00020460784435272217 0.00015332596376538277
0.03485947707667947 0.0002135781105607748 0.00015876698307693005
9.404673906043172 0.00021293316967785358 0.0001756481360644102
0.0012241119984537363 0.00019580498337745667 0.00015098508447408676
34.32253632694483 0.0001963221002370119 0.0001738548744469881
0.9471082759555429 0.00023312796838581562 0.0001700271386653185
0.004416365874931216 0.00023292400874197483 0.00016409298405051231
0.038322835927829146 0.00024256901815533638 0.0001770129892975092
0.009257572004571557 0.00031798891723155975 0.00023443298414349556
0.012109176954254508 0.00031394208781421185 0.00021491595543920994
2.6940081850625575 0.0003506080247461796 0.00028363103047013283
0.0015166851226240396 0.00028162100352346897 0.0002098230179399252
1.2858227689284831 0.00028822803869843483 0.00021531805396080017
1.8706697800662369 0.00028384895995259285 0.00021033897064626217
2.8942848870065063 0.0002689568791538477 0.00020611495710909367
4.911167818121612 0.005187408998608589 0.00021645589731633663
0.04028849885798991 0.00029114214703440666 0.0002001449465751648
0.002192761981859803 0.00027455203235149384 0.00019388902001082897
1.2295844540931284 0.0002572829835116863 0.0002038490492850542
0.6893544991035014 0.0002825779374688864 0.0001985440030694008
0.0016019470058381557 0.0002935060765594244 0.00021018902771174908
30.09786345809698 0.00028642802499234676 0.005178194027394056
1159.3054823989514 0.00025670998729765415 0.00019891606643795967
6.777400717139244 0.0002859609667211771 0.0002124051097780466
7.55596123309806 0.00028942013159394264 0.00022571301087737083
2.905866282992065 0.00036907196044921875 0.0002710509579628706
4.764922603033483 0.00028241495601832867 0.00021233106963336468
11.251553039997816 0.0002821169327944517 0.00021462398581206799
0.08333057095296681 0.00028364406898617744 0.000210135942324996
2908.423089475138 0.005264536943286657 0.0002460731193423271
190.85570251895115 0.00026571890339255333 0.0002017191145569086
1.9727697300259024 0.00027259113267064095 0.00019928393885493279
0.0014155879616737366 0.00025974889285862446 0.00020214193500578403
256.16048990399577 0.0002708870451897383 0.00020394613966345787
0.02414465812034905 0.00027637509629130363 0.0002536471001803875
2.172556878067553 0.00026815407909452915 0.00019781594164669514
0.020653356797993183 0.0002931079361587763 0.00021653319709002972
2.426637919154018 0.0002830410376191139 0.00022139493376016617
29.15942794503644 0.0002810237929224968 0.0002279491163790226
2.1093505350872874 0.0002811700105667114 0.00020445394329726696
0.0065157911740243435 0.0002708330284804106 0.00019928906112909317
3.936297413194552 0.0002765369135886431 0.0002188601065427065
3.1883102350402623 0.00029063294641673565 0.00022537494078278542
0.6324133779853582 0.00029195589013397694 0.00021555600687861443
0.0012993831187486649 0.0002619270235300064 0.0002174230758100748
0.01168331690132618 0.0002571290824562311 0.00019122101366519928
1.6959370530676097 0.0002850519958883524 0.00021434202790260315
2.66936896299012 0.0002779788337647915 0.00020429701544344425
0.0014888248406350613 0.005487916991114616 0.00021668197587132454
4.120517062023282 0.00027871900238096714 0.00020188488997519016
158.56448163092136 0.0002767341211438179 0.0002338639460504055
2.4716935670003295 0.00029139197431504726 0.00021512992680072784
8.020368950208649 0.000275591854006052 0.00022577587515115738
9.17585639609024 0.0002824219409376383 0.00022518006153404713
3.0018869410268962 0.0002838301006704569 0.0002048620954155922
0.11881037498824298 0.00028418703004717827 0.00021713902242481709
1.631472430191934 0.0003187679685652256 0.0002059789840131998
2.738267170963809 0.0002822810783982277 0.0002073599025607109
0.022301445016637444 0.00027419906109571457 0.00020403391681611538
50.996347514912486 0.0002881379332393408 0.00021809805184602737
36.534034760901704 0.0002737289760261774 0.0002472200430929661
1.4300275910645723 0.0002636420540511608 0.00021414319053292274
1.0074071888811886 0.0003714559134095907 0.00025322195142507553
10.665916317841038 0.000281705055385828 0.00021291011944413185
2.4677131799981 0.0002892871852964163 0.00020567397587001324
16.78235210594721 0.00027445494197309017 0.00022954214364290237
1.220472114160657 0.0002796049229800701 0.0017503290437161922
0.07550963596440852 0.00027922005392611027 0.00019711488857865334
107.06645699893124 0.00026558199897408485 0.00020226906053721905
11.294189576990902 0.0002939689438790083 0.00023206393234431744
0.1338130608201027 0.0002691850531846285 0.00021103303879499435
654.4084640459623 0.00030181300826370716 0.00023511704057455063
0.25606315210461617 0.00028635794296860695 0.0002134130336344242
0.007845638087019324 0.0002730230335146189 0.00020621484145522118
11.873307080939412 0.0003334558568894863 0.0002455301582813263
0.11389090307056904 0.00025700684636831284 0.00019643898122012615
0.9086828369181603 0.00026585115119814873 0.00019860290922224522
1.2392790340818465 0.0003456778358668089 0.00024873088113963604
2.3791560989338905 0.0002901491243392229 0.00021306611597537994
0.761865935055539 0.00028223590925335884 0.00020357291214168072
0.002225821139290929 0.0003108710516244173 0.00023839017376303673
4.217255643103272 0.00026544113643467426 0.00021290313452482224
11.721231974195689 0.00029262411408126354 0.00022892304696142673
2.997067173011601 0.00030959700234234333 0.0002397838979959488
2.3079601421486586 0.0003681678790599108 0.005315881920978427
0.011444724164903164 0.00027337600477039814 0.0002034578938037157
1.2620277749374509 0.00029571610502898693 0.00021193502470850945
2.539846460800618 0.0002832470927387476 0.00021167099475860596
144.30248654889874 0.00033594295382499695 0.00024655205197632313
0.0020902918186038733 0.0002752149011939764 0.000206290977075696
0.006385609973222017 0.00027075898833572865 0.00019799196161329746
0.12104053585790098 0.0002699829638004303 0.0002010650932788849
37.089744785102084 0.0002668320666998625 0.0002098269760608673
0.08711905917152762 0.00027134083211421967 0.00020075403153896332
6.6541588781401515 0.0002833988983184099 0.02236864995211363
1.713191804010421 0.0002730889245867729 0.00022969883866608143
2.0308830561116338 0.0002816708292812109 0.0002029340248554945
1.083591217175126 0.0002583691384643316 0.00019466388039290905
0.07137111714109778 0.00033193896524608135 0.00024409289471805096
0.0018219409976154566 0.00028171902522444725 0.00021723215468227863
2.389271292136982 0.0002695671282708645 0.00021086004562675953
2.968456909991801 0.00028358609415590763 0.005097821820527315
2.1117249780800194 0.00027187797240912914 0.00020369491539895535
0.7723708569537848 0.00026841298677027225 0.0002050669863820076
8.096941146999598 0.00028955191373825073 0.00022401101887226105
3.9525809718761593 0.0002631540410220623 0.00020731892436742783
1.4245900120586157 0.0002818731591105461 0.0002138370182365179
2.0097338990308344 0.0002704458311200142 0.00656487001106143
