0.00011775689199566841 0.000222695991396904
0.00011238595470786095 0.01578555116429925
0.00011102994903922081 0.00021897186525166035
0.00010859500616788864 0.02948098280467093
0.00010991888120770454 0.0002101748250424862
0.00011340086348354816 0.00021449499763548374
0.00010786298662424088 0.00020498200319707394
0.00010455399751663208 0.00021147308871150017
0.00012080604210495949 0.0002265500370413065
0.00010643014684319496 0.00021078996360301971
0.00010835309512913227 0.00021086796186864376
0.00010616611689329147 0.00022661499679088593
0.00010961689986288548 0.0002222789917141199
0.00010636402294039726 0.0002099319826811552
0.00010306085459887981 0.00020769890397787094
0.00010788184590637684 0.00021248497068881989
0.00012347614392638206 0.00022206292487680912
0.00010966090485453606 0.00021841307170689106
0.00010948488488793373 0.0002223991323262453
0.0001056799665093422 0.00020432518795132637
0.00010613398626446724 0.00021383585408329964
0.00010744389146566391 0.00021134200505912304
0.00010687904432415962 0.0002066129818558693
0.00010858592577278614 0.0002052800264209509
0.00012649898417294025 0.005146422889083624
0.00011321483179926872 0.00022290111519396305
0.00010504806414246559 0.0002236438449472189
0.00010847998782992363 0.00020899809896945953
0.00010214792564511299 0.0002150428481400013
0.00011061900295317173 0.0002109238412231207
0.00011046393774449825 0.000206757802516222
0.00010549090802669525 0.00021589500829577446
0.00010906602256000042 0.0002077990211546421
0.00010936195030808449 0.013673850102350116
0.00010342104360461235 0.00021195318549871445
0.00011265906505286694 0.00020580599084496498
0.00010542385280132294 0.00021610385738313198
0.00010944996029138565 0.00020424486137926579
0.00010912795551121235 0.00020884699188172817
0.02340330113656819 0.0002144239842891693
0.00010906904935836792 0.00021248497068881989
0.00011037406511604786 0.00021032406948506832
0.00010709185153245926 0.0002102090511471033
0.00010113604366779327 0.00021277298219501972
0.00010722200386226177 0.00021311291493475437
0.00010930188000202179 0.00020933710038661957
0.00011098198592662811 0.00021358905360102654
0.00010107597336173058 0.0002019528765231371
0.00010647112503647804 0.00020773010328412056
0.00010518706403672695 0.00020450702868402004
0.0050314851105213165 0.011417726054787636
0.00010658497922122478 0.0002116789110004902
0.00010549812577664852 0.00020152097567915916
0.0264314329251647 0.00022638915106654167
0.00010810000821948051 0.00021294504404067993
0.00010740314610302448 0.00021497788839042187
0.00010784412734210491 0.00022278912365436554
0.00010787392966449261 0.00021391198970377445
0.00010205619037151337 0.020203846972435713
0.00010448484681546688 0.00020741415210068226
0.0001038690097630024 0.0002070399932563305
0.00010394398123025894 0.0002109939232468605
0.00011022808030247688 0.0002147848717868328
0.00010831793770194054 0.0002075370866805315
0.00010839803144335747 0.0002102858852595091
0.00013056793250143528 0.00021362211555242538
0.00011234614066779613 0.005114085040986538
0.0001138600055128336 0.00021205306984484196
0.00010781921446323395 0.00020838784985244274
0.00010414514690637589 0.00020355288870632648
0.00010561896488070488 0.00020856107585132122
9.917397983372211e-05 0.00020763208158314228
0.00010900106281042099 0.011888995999470353
0.00012697791680693626 0.0002248380333185196
0.00010815798304975033 0.00021540303714573383
0.00010988791473209858 0.00020799506455659866
0.00011146604083478451 0.00021718908101320267
0.00010619289241731167 0.0002072690986096859
0.00010714493691921234 0.00020921602845191956
0.00010394910350441933 0.00021109613589942455
0.00010929303243756294 0.0002052769996225834
0.00010835519060492516 0.00020606606267392635
0.00010700896382331848 0.00021283701062202454
0.0001062310766428709 0.00020787189714610577
0.00010627415031194687 0.00021170498803257942
0.00010770815424621105 0.00021008402109146118
0.00010356283746659756 0.00020966003648936749
0.0001046638935804367 0.00020969496108591557
0.0001050878781825304 0.00020710797980427742
0.00011554104276001453 0.00020493404008448124
0.00010829605162143707 0.00021232501603662968
0.00010949303396046162 0.0002066229935735464
0.00010672304779291153 0.00021052896045148373
0.00010710000060498714 0.00020317407324910164
0.00010806997306644917 0.00021608499810099602
0.00010837893933057785 0.00021047191694378853
0.00010245596058666706 0.00020840787328779697
0.00010835682041943073 0.00020529981702566147
0.00010292092338204384 0.0002126570325344801
0.0001112490426748991 0.005133268889039755
0.00011015217751264572 0.0002100879792124033
0.0001027919352054596 0.0002123541198670864
0.00010298192501068115 0.0002001151442527771
0.00010330509394407272 0.0002145769540220499
0.00010425387881696224 0.00021054595708847046
0.00010406505316495895 0.00021247309632599354
0.00010424014180898666 0.00020621600560843945
0.000107618048787117 0.00020842906087636948
0.00012756092473864555 0.00021515600383281708
0.00011258781887590885 0.0002098360564559698
0.00010848604142665863 0.00020681810565292835
0.00011140294373035431 0.00021232618018984795
0.00011716806329786777 0.0002132051158696413
0.020180259132757783 0.00022036908194422722
0.00010329904034733772 0.000202439958229661
0.0001028010156005621 0.0002107289619743824
0.00010695704258978367 0.0002080700360238552
0.0001035111490637064 0.00020925700664520264
0.00010022101923823357 0.0002056509256362915
0.00011400389485061169 0.00021027587354183197
0.00011182297021150589 0.00021571503020823002
0.00011229701340198517 0.00020998716354370117
0.00011169211938977242 0.00020871288143098354
0.00010768510401248932 0.00021001393906772137
0.00010026199743151665 0.0002069959882646799
0.00010844296775758266 0.00021257484331727028
0.00010507693514227867 0.0002105599269270897
0.00010194908827543259 0.0002113149967044592
0.00010212277993559837 0.0002043058630079031
0.00011082296259701252 0.0002201749011874199
0.00010740896686911583 0.00020397314801812172
0.00010829698294401169 0.00020531890913844109
0.00011037313379347324 0.00020862999372184277
0.00010815798304975033 0.00021149404346942902
0.0001050061546266079 0.00020798388868570328
0.00010853493586182594 0.00021701795049011707
0.00010727392509579659 0.0438761399127543
0.0001148320734500885 0.0002216310240328312
0.00010690395720303059 0.00021756300702691078
0.00010693795047700405 0.0002145289909094572
0.00011620298027992249 0.0002230249810963869
0.00010711885988712311 0.00020468700677156448
0.00010894099250435829 0.0002109489869326353
0.00010495004244148731 0.00020694988779723644
0.00011326605454087257 0.0002105159219354391
0.00010439404286444187 0.00525466282851994
0.00011350400745868683 0.00020516803488135338
0.00010590488091111183 0.00020996993407607079
0.009997100103646517 0.00020494800992310047
0.00010807998478412628 0.00020712916739284992
0.00010529905557632446 0.00020988984033465385
0.00010455609299242496 0.00020245183259248734
0.00010401499457657337 0.0002078430261462927
0.00011129793711006641 0.00020976481027901173
0.00011082901619374752 0.00020795105956494808
0.00010518007911741734 0.00021206587553024292
0.00010482501238584518 0.0002156929112970829
0.00010410090908408165 0.0002088069450110197
0.00010483409278094769 0.00021069590002298355
0.00010486389510333538 0.0002122970763593912
0.00011075194925069809 0.00021102302707731724
0.00011251191608607769 0.00021379091776907444
0.00010437285527586937 0.0002117662224918604
0.00010573607869446278 0.0002152330707758665
0.00010726414620876312 0.00021096202544867992
0.00010322895832359791 0.00020665698684751987
0.00010955007746815681 0.00020502903498709202
0.00010793493129312992 0.00021298695355653763
0.0001367148943245411 0.00026029208675026894
0.00013101007789373398 0.00023546209558844566
0.0001081470400094986 0.000210900092497468
0.00010263710282742977 0.000210135942324996
0.00011004204861819744 0.0002172510139644146
0.00010146503336727619 0.00020560086704790592
0.00010682293213903904 0.00020984606817364693
0.00011456292122602463 0.00020577502436935902
0.00011005997657775879 0.00021250220015645027
0.00010593002662062645 0.00021186587400734425
0.0001009961124509573 0.000212603947147727
0.0001061619259417057 0.000206782016903162
0.00010450300760567188 0.0002017419319599867
0.00011198106221854687 0.00021216808818280697
0.0001095698680728674 0.00021032197400927544
0.00010557705536484718 0.00021318788640201092
0.00010523200035095215 0.0002125939354300499
0.00010428298264741898 0.00021080998703837395
0.00010783504694700241 0.00021020183339715004
0.00010582292452454567 0.0002055130898952484
0.00010955287143588066 0.00021868199110031128
0.00010901503264904022 0.00021165702491998672
0.00010455003939568996 0.00021497788839042187
0.00011332286521792412 0.00020748097449541092
0.00011037406511604786 0.0002017100341618061
0.00010509113781154156 0.00020794197916984558
0.00010365503840148449 0.00021150312386453152
0.00010883994400501251 0.00020819297060370445
0.00010756496340036392 0.00020618108101189137
0.00010621198453009129 0.00020868796855211258
0.00010701315477490425 0.00020824908278882504
0.00010620593093335629 0.00020577502436935902
0.00010347901843488216 0.00020696502178907394
0.00010522897355258465 0.00019685598090291023
0.00010631303302943707 0.00020729308016598225
0.00010906392708420753 0.00021036388352513313
0.00010619196109473705 0.0002129219938069582
0.00010730000212788582 0.00020876084454357624
0.00010793888941407204 0.00021502701565623283
0.00010819896124303341 0.0002072518691420555
0.00010825996287167072 0.0002062520943582058
0.00010496005415916443 0.00020469585433602333
0.00010445015504956245 0.00021002092398703098
0.00010411790572106838 0.0002060381229966879
0.00010667508468031883 0.00021515600383281708
0.0001060650683939457 0.00021088402718305588
0.00010960595682263374 0.00020738900639116764
0.00010153884068131447 0.0002094889059662819
0.00010792701505124569 0.00020686909556388855
0.00011014193296432495 0.00021365517750382423
0.0001088839489966631 0.00020717293955385685
0.0001115649938583374 0.00020800111815333366
0.00010551000013947487 0.00020418991334736347
0.0001021181233227253 0.00021229987032711506
0.00011351099237799644 0.00020778202451765537
0.0001083009410649538 0.00020760507322847843
0.00010874494910240173 0.00020616292022168636
0.00010602897964417934 0.00021160999312996864
0.00010599708184599876 0.0002068819012492895
0.00010711909271776676 0.00020562880672514439
0.00010559684596955776 0.00021154806017875671
0.00011023110710084438 0.00021448777988553047
0.00010632281191647053 0.00021720491349697113
0.00010648416355252266 0.00021217507310211658
0.00010592304170131683 0.00020752288401126862
0.00010893004946410656 0.00021373480558395386
0.0001126390416175127 0.00020558899268507957
0.00011468888260424137 0.00021068379282951355
0.00010574189946055412 0.00021376716904342175
0.00010574492625892162 0.0002106688916683197
0.00010645296424627304 0.00020789890550076962
0.00010490510612726212 0.00021178903989493847
0.00010760803706943989 0.00021032709628343582
0.00010469788685441017 0.00021324190311133862
0.00010407599620521069 0.00020781508646905422
0.0001091070007532835 0.0002200889866799116
0.00010414398275315762 0.000214254017919302
0.00010485085658729076 0.0002202889882028103
0.00010746996849775314 0.0002015561331063509
0.00010358099825680256 0.00021018809638917446
0.00010658008977770805 0.0002048469614237547
0.00010477704927325249 0.000247312942519784
0.00010504084639251232 0.0002102348953485489
0.00010893819853663445 0.00021060695871710777
0.00010757683776319027 0.00021190708503127098
0.00010501500219106674 0.00021362490952014923
0.00010759010910987854 0.00020701996982097626
0.00010770093649625778 0.00021151290275156498
0.00010282197035849094 0.00020782789215445518
0.00011002109386026859 0.00020991708151996136
0.00010457984171807766 0.0002163429744541645
0.00010732491500675678 0.0002109450288116932
0.00010621012188494205 0.00020880205556750298
0.00010290509089827538 0.00020990311168134212
0.00010333186946809292 0.009983661817386746
0.00010845414362847805 0.0002078460529446602
0.00010692095384001732 0.0002149529755115509
0.0001053730957210064 0.0002051759511232376
0.00010236096568405628 0.00019880617037415504
0.00010528205893933773 0.00021416088566184044
0.0001023230142891407 0.00020690192468464375
0.00010940991342067719 0.00022018514573574066
0.00010101404041051865 0.00021187402307987213
0.0001056981272995472 0.00021052081137895584
0.00010614306665956974 0.00021218694746494293
0.00010108691640198231 0.00021120207384228706
0.00010356679558753967 0.0014294867869466543
0.00010753911919891834 0.0002136658877134323
0.00010769697837531567 0.00021645496599376202
0.0001083160750567913 0.00021376414224505424
0.00010543502867221832 0.00021423818543553352
0.000106374965980649 0.0002175699919462204
0.0001074550673365593 0.00020829797722399235
0.00010565295815467834 0.0002154828980565071
0.00010255607776343822 0.000208625802770257
0.00010036816820502281 0.0002135029062628746
0.00010515190660953522 0.0002073210198432207
0.00010839290916919708 0.00020932196639478207
0.00010678195394575596 0.00020601204596459866
0.00010638288222253323 0.00020523997955024242
0.020788734778761864 0.00023119105026125908
0.00011442904360592365 0.0002203560434281826
0.00010882411152124405 0.00022690207697451115
0.00010410789400339127 0.00021238182671368122
0.00010394607670605183 0.00021166587248444557
0.00010886602103710175 0.010086477966979146
0.00010498892515897751 0.00021329312585294247
0.00010721292346715927 0.00020688888616859913
0.00010857498273253441 0.00021618208847939968
0.00010514399036765099 0.00021517579443752766
0.00010915100574493408 0.00021075899712741375
0.00010387715883553028 0.00020995200611650944
0.005053501110523939 0.00021199602633714676
0.00010510999709367752 0.00020573101937770844
0.00010826089419424534 0.00020735198631882668
0.00010706810280680656 0.00021601910702884197
0.00010397704318165779 0.00020490889437496662
0.0001108311116695404 0.00021163118071854115
0.00010698591358959675 0.00021568499505519867
0.00011368910782039165 0.00021589314565062523
0.0001030629500746727 0.00020834198221564293
0.00010766112245619297 0.00507349194958806
0.00011179898865520954 0.00020296801812946796
0.00011571496725082397 0.0002090830821543932
0.00010487204417586327 0.00020952499471604824
0.00010554003529250622 0.0002132919616997242
0.00010928697884082794 0.00021122791804373264
0.00010131299495697021 0.00020863395184278488
0.00010988698340952396 0.00021078693680465221
0.000106866005808115 0.00022034603171050549
0.00010632514022290707 0.0002134181559085846
0.0001080359797924757 0.0002094958908855915
0.00010635703802108765 0.0002093021757900715
0.00010361196473240852 0.00021086703054606915
0.00010610907338559628 0.00020948494784533978
0.00010251905769109726 0.00020515103824436665
0.00010126805864274502 0.00021350011229515076
0.00011002202518284321 0.000216613058000803
0.00010872888378798962 0.005163663066923618
0.00010612700134515762 0.0002080150879919529
0.00010439497418701649 0.0002104791346937418
0.00010815821588039398 0.00020860182121396065
0.00010293396189808846 0.00021496298722922802
0.00010455399751663208 0.00020831497386097908
0.00010331184603273869 0.00020777620375156403
0.00011020898818969727 0.0002164510078728199
0.00010277400724589825 0.00021526007913053036
0.00010389904491603374 0.00020858016796410084
0.00010399008169770241 0.00022192485630512238
0.00011090398766100407 0.00021045701578259468
0.00010940292850136757 0.00021219998598098755
0.00010720803402364254 0.00020888005383312702
0.00010976800695061684 0.00021190079860389233
0.00010305712930858135 0.010064243106171489
0.00010534306056797504 0.00020719901658594608
0.0001104399561882019 0.00020850892178714275
0.00010691792704164982 0.00021538091823458672
0.00010315584950149059 0.00020661205053329468
0.0001050999853760004 0.00020806491374969482
0.00010511791333556175 0.00020938296802341938
0.00010986602865159512 0.00020378711633384228
0.0001016820315271616 0.000205187126994133
0.004974480951204896 0.00020761904306709766
0.00010422198101878166 0.00021874206140637398
0.00010666903108358383 0.00020280596800148487
0.000109122134745121 0.00020821182988584042
0.00010849884711205959 0.0002163010649383068
0.00010918802581727505 0.00020926282741129398
0.0001073470339179039 0.0002167760394513607
0.00010697590187191963 0.00021535507403314114
0.00010204012505710125 0.005086153047159314
0.00011034705676138401 0.00021027191542088985
0.0001101810485124588 0.00020752288401126862
0.0001119859516620636 0.00021637417376041412
0.00010762293823063374 0.00021739699877798557
0.00010625598952174187 0.0002115860115736723
9.846989996731281e-05 0.00020893989130854607
0.00010219914838671684 0.00020859483629465103
0.0001062219962477684 0.00021394598297774792
0.00010583898983895779 0.0002100218553096056
0.00011048605665564537 0.012905835174024105
0.00011009187437593937 0.0002131001092493534
0.00011225300841033459 0.00021413411013782024
0.0001101179514080286 0.00021220510825514793
0.00010436400771141052 0.00020554708316922188
0.00010643294081091881 0.005186659982427955
0.00011216592974960804 0.00021554413251578808
0.00010688602924346924 0.00514142494648695
0.00010552792809903622 0.00020232493989169598
0.00011079804971814156 0.00021208496764302254
0.00010487507097423077 0.0002106018364429474
0.0001090141013264656 0.0002031319309026003
0.0001019560731947422 0.00020351004786789417
0.00010991212911903858 0.0002112740185111761
0.00011020293459296227 0.00020689796656370163
0.00010816892609000206 0.0002133999951183796
0.00010155607014894485 0.00020842603407800198
0.00011179107241332531 0.0002059880644083023
0.00010429997928440571 0.0008822239469736814
0.00010797986760735512 0.0002112099900841713
0.00011132308281958103 0.00020965700969099998
0.00011288514360785484 0.00022032484412193298
0.0001028918195515871 0.00020175683312118053
0.00010623503476381302 0.005161958979442716
0.00010807998478412628 0.00020388304255902767
0.00011319806799292564 0.00021434901282191277
0.00010529113933444023 0.00020950520411133766
0.00010435283184051514 0.00021204398944973946
0.00010477006435394287 0.0002106260508298874
0.019757976988330483 0.00021031801588833332
0.00010409299284219742 0.00020636082626879215
0.00010606390424072742 0.00021287798881530762
0.00012697698548436165 0.011993171880021691
0.00010937405750155449 0.0002163960598409176
0.00010891281999647617 0.00020858016796410084
0.00011337315663695335 0.00021166913211345673
0.00010860105976462364 0.00021680304780602455
0.00011029792949557304 0.00022105802781879902
0.00010702596046030521 0.00022688601166009903
0.00011016102507710457 0.00022717495448887348
0.00010375608690083027 0.00020595197565853596
0.00010635610669851303 0.00021227216348052025
0.00010463199578225613 0.00020959507673978806
0.00010737497359514236 0.00021451408974826336
0.00010619196109473705 0.00020835711620748043
0.00011739600449800491 0.00020430702716112137
0.00010215793736279011 0.0002147969789803028
0.00010982807725667953 0.00021060300059616566
0.00010256515815854073 0.0002159851137548685
0.00010994193144142628 0.00020795618183910847
0.0001187007874250412 0.00021102093160152435
0.00010362290777266026 0.00020573986694216728
0.00010869884863495827 0.00021197600290179253
0.00010493909940123558 0.00020018802024424076
0.0001066490076482296 0.00021325587294995785
0.00011156778782606125 0.0002129159402102232
0.00010517705231904984 0.00021375692449510098
0.00010775378905236721 0.00021353410556912422
0.000115945003926754 0.0002077778335660696
0.00010540010407567024 0.00021475995890796185
0.00010270602069795132 0.00021403096616268158
0.00011096405796706676 0.00021265004761517048
0.00010545807890594006 0.0002094828523695469
0.00011143903248012066 0.0002034760545939207
0.0001040440984070301 0.00021104281768202782
0.00010500708594918251 0.00021028402261435986
0.000107611995190382 0.00020360690541565418
0.00010497588664293289 0.00021135108545422554
0.00011032796464860439 0.0002101429272443056
0.00010917591862380505 0.00020110304467380047
0.00010740803554654121 0.00021183188073337078
0.00011019501835107803 0.00021188496612012386
0.00010502594523131847 0.0002123031299561262
0.00010734191164374352 0.00021485891193151474
0.00010323291644454002 0.00021145096980035305
0.00010415096767246723 0.00021185516379773617
0.005013536894693971 0.00021043699234724045
0.00010802596807479858 0.0011311850976198912
0.00011181808076798916 0.00021268194541335106
0.0001136499922722578 0.00021678302437067032
0.00011066696606576443 0.00021706498228013515
0.00011251401156187057 0.000217837980017066
0.000106496037915349 0.0002109091728925705
0.00011296290904283524 0.00021150102838873863
0.00010572606697678566 0.01948291715234518
0.00010459194891154766 0.0002185320481657982
0.00010650698095560074 0.0002118989359587431
0.014894832856953144 0.00022171507589519024
0.00011049606837332249 0.0002038399688899517
0.00010471907444298267 0.00021203607320785522
0.00010387110523879528 0.00021018716506659985
0.00506767095066607 0.00021387310698628426
0.00010586786083877087 0.00021933414973318577
0.00010619917884469032 0.00020986399613320827
0.00010746507905423641 0.0002113129012286663
0.00010655890218913555 0.00021551386453211308
0.00010504107922315598 0.000214356929063797
0.00010565388947725296 0.00020482088439166546
0.00010751490481197834 0.00021326891146600246
0.00011050119064748287 0.000213132007047534
0.00011030188761651516 0.0002008408773690462
0.00010838196612894535 0.00021535600535571575
0.00010358705185353756 0.00021610502153635025
0.00010682689025998116 0.034711288986727595
0.00010809791274368763 0.0002148021012544632
0.00011574081145226955 0.00021764985285699368
0.00010383804328739643 0.00021071708761155605
0.00010774796828627586 0.00021552713587880135
0.00010053999722003937 0.02087467396631837
0.000109843909740448 0.00021964707411825657
0.00010432116687297821 0.00020845304243266582
0.00010577798821032047 0.00020008208230137825
9.749201126396656e-05 0.00020862487144768238
0.00010434817522764206 0.00020935502834618092
0.00010481593199074268 0.00021641585044562817
0.005438063060864806 0.00021770806051790714
0.0001065621618181467 0.00020510307513177395
0.00011407304555177689 0.0002124919556081295
0.00010785507038235664 0.00020190700888633728
0.00010541314259171486 0.00021164794452488422
0.00010801595635712147 0.00021493295207619667
0.00010922504588961601 0.00021647801622748375
0.00011165812611579895 0.00020539900287985802
0.00010625598952174187 0.005164912203326821
0.00010652095079421997 0.0002165110781788826
0.0001047779805958271 0.00021436787210404873
0.00010783690959215164 0.00020893989130854607
0.0001098080538213253 0.00022501195780932903
9.946501813828945e-05 0.00021343003027141094
0.00011054403148591518 0.00021840911358594894
0.00011053704656660557 0.0002131960354745388
0.00011304300278425217 0.00020035495981574059
